-10.1046 -47.8098 -121.39
-21.9038 -18.5049 -154.345
-4.01186 -3.4911 -152.962
-4.87157 -35.1384 -134.173
-15.7612 7.2615 -128.529
-6.45393 -33.3193 -140.715
1.61987 -40.0475 -133.899
1.65724 12.2329 -137.949
-22.8383 -45.8287 -139.269
-15.7363 1.84159 -131.993
-4.83419 -16.7855 -137.762
-30.3887 -16.8228 -151.28
-9.65604 -50.663 -144.428
-31.9587 -35.0761 -154.545
-27.8595 -47.735 -122.648
-26.5637 6.47655 -138.173
-8.63435 -9.52153 -148.19
5.02133 2.7013 -147.792
-20.2716 6.56376 -125.651
-10.3039 15.7091 -132.828
-34.4755 -48.1711 -139.581
-5.53192 -23.1274 -147.978
-13.9172 -3.47864 -152.489
-8.78387 7.17428 -134.298
3.05272 16.3819 -148.165
-28.6319 -17.3586 -131.295
-29.8031 -18.7541 -132.329
-4.57254 -41.7918 -136.752
3.53864 -28.7342 -142.995
-21.8539 -61.453 -139.469
-41.4404 6.99985 -141.724
-23.374 -46.3271 -153.623
-2.46687 -13.0102 -150.558
-28.6693 -45.8038 -137.089
-29.3546 -55.759 -146.72
-0.647774 -24.8468 -122.15
5.63184 -22.8657 -125.14
-30.6379 -15.1283 -137.45
-12.6463 -4.74952 -143.667
-25.7289 -41.5551 -158.781
-20.1096 -10.0822 -130.348
-20.1221 -8.30049 -142.646
-11.2633 -33.9298 -152.202
-35.9457 -55.8213 -144.727
-18.0662 -28.622 -142.21
-19.8106 10.9495 -131.171
-27.523 -45.6792 -128.716
1.49527 -43.6109 -135.594
-33.5161 6.75066 -132.479
-29.4169 3.38657 -131.009
-33.1049 -7.27881 -146.097
-27.7224 -48.5449 -147.056
-26.7755 -23.7877 -155.367
-5.17059 -0.774919 -148.851
-31.8465 -65.5646 -151.779
-29.8156 -34.8643 -147.455
-41.3407 3.82266 -145.524
-16.92 -21.7319 -123.358
-13.3565 -12.9479 -139.244
-1.657 20.5683 -128.741
0.760156 -10.3688 -135.967
4.85935 2.15308 -148.664
-15.9855 16.0704 -138.908
2.59171 -13.7079 -124.716
-7.06445 -39.6737 -124.118
-14.3533 0.358901 -146.982
0.0250421 25.1783 -127.47
3.4265 17.0298 -143.867
-2.37965 -26.0055 -144.963
-12.7709 -29.8306 -119.085
-25.3426 -27.3013 -137.126
-21.2808 -49.8407 -154.42
-14.1166 -30.2293 -146.458
-5.08338 -27.3761 -154.183
-5.39487 -11.9013 -139.892
5.121 -42.664 -121.988
-30.1396 6.56376 -136.154
-32.2701 -33.6931 -134.348
3.32683 -16.2995 -132.865
-27.8221 -48.8564 -155.604
-0.510719 -35.9981 -137.288
-16.3717 -19.6262 -143.667
-18.6643 9.82817 -138.983
-1.40781 -45.1933 -121.427
-29.0307 -5.84596 -145.3
-17.8544 -9.48415 -129.551
-14.4654 0.545794 -147.094
7.02732 -20.8224 -129.974
-25.7538 -38.2034 -141.4
0.685399 -26.0304 -120.592
-12.5342 -36.3843 -150.408
-9.94261 -2.3199 -145.848
-28.5821 -14.3932 -155.716
7.28897 -34.3784 -136.939
-0.622855 -30.2169 -129.077
-24.9688 -51.4729 -154.084
-6.50377 3.39903 -144.415
-8.59697 10.3888 -135.17
-1.25829 21.4405 -148.589
-42.9231 7.75988 -142.97
-22.2527 -9.27234 -140.179
-37.2041 7.54807 -140.465
-19.0879 -18.318 -130.597
-7.99891 6.53884 -144.054
10.0052 13.13 -137.6
-0.435962 -38.3654 -118.549
-23.3616 -12.6115 -132.392
-5.93063 -29.3572 -118.711
-26.8502 -11.4278 -130.896
-10.8023 12.4696 -138.173
-23.4612 -37.4683 -143.144
-17.5056 -30.005 -154.308
-18.1908 -19.9876 -139.07
6.45418 -29.1952 -142.87
0.224395 -32.4347 -120.754
2.14317 26.2997 -144.976
5.80628 4.25874 -151.417
-8.18581 -29.5939 -124.006
-18.0289 -19.8007 -123.869
-16.3094 -1.03657 -151.567
-14.2785 -41.256 -128.392
-0.448421 -19.3646 -125.29
-32.158 -43.6358 -153.311
-1.40781 -8.91101 -141.188
-20.2965 -17.4458 -144.664
-9.73079 -41.58 -121.689
-26.1276 -18.4052 -135.781
-7.51299 10.3639 -147.343
7.51324 12.9555 -138.248
-37.4782 10.3888 -133.102
-26.464 -42.203 -124.766
-20.7575 2.35243 -145.399
-1.10878 -8.98577 -127.059
-5.39487 -21.5948 -154.221
2.18055 -41.4554 -130.685
-16.4465 16.195 -137.737
-34.5627 9.13043 -143.767
-22.1031 -31.8864 -159.529
-0.261528 29.0283 -143.792
-8.79633 -36.9699 -131.245
-3.96202 -20.3987 -124.168
7.31389 -2.34482 -135.382
-11.824 -43.3243 -138.671
-2.51671 -43.7729 -145.985
-30.1146 -8.28803 -136.865
-26.5387 -51.1489 -132.329
-25.9158 -1.41036 -132.08
-16.4714 -29.7808 -147.605
-22.1904 -25.0212 -121.664
-15.8111 -43.8102 -120.318
-22.5891 -9.1602 -144.39
-24.3957 -42.041 -156.301
-12.4594 -24.5727 -153.884
-14.0293 -14.8418 -124.555
-30.7875 -42.4771 -152.377
-27.548 -52.507 -149.2
-13.0077 -54.6501 -151.741
-35.1857 -19.6885 -136.678
-26.2771 -58.986 -152.252
-29.529 -5.38496 -134.46
-15.7114 -13.8824 -150.757
-34.2886 -18.6419 -152.775
-18.7266 -43.3742 -131.183
-7.86186 8.91862 -136.067
0.436208 -37.3686 -121.888
-30.2641 -32.5219 -126.261
-5.61914 -6.51878 -147.455
-5.32011 -9.65859 -135.843
-17.7797 -31.7868 -139.207
-29.7533 -19.8505 -140.391
-7.05199 -23.4015 -149.573
-7.41332 -41.9911 -126.66
-67.0323 2.639 -123.956
6.95256 -15.2778 -136.889
-4.11153 7.27396 -133.812
-13.4562 -15.9382 -151.255
-17.4308 -9.8704 -142.384
-30.8747 -59.1729 -124.243
-28.3703 -59.3224 -138.534
-0.734991 25.3652 -137.114
-7.86186 -22.5792 -157.149
-23.3865 -17.396 -148.028
-1.38289 -23.4513 -145.86
-0.0497152 -7.21651 -154.532
7.45094 -21.5575 -138.086
-18.3777 -55.1734 -147.443
1.17132 2.55178 -153.012
-32.2328 -10.5432 -128.903
7.62537 -39.5242 -126.959
-4.89648 -34.3908 -133.837
-14.9638 9.24257 -143.555
3.20223 -10.9544 -136.329
0.735237 -11.5151 -145.2
-30.5881 -0.687702 -124.966
1.70708 -30.1546 -119.421
-12.4844 -36.8827 -125.962
9.90547 4.9191 -150.931
-17.6302 -54.052 -123.159
-7.05199 -30.3539 -149.86
7.79981 -26.5911 -124.243
-23.0376 -64.5928 -144.44
-21.231 -60.0077 -152.19
-19.9601 -38.1038 -132.479
8.48508 17.3662 -137.637
-4.60991 4.02201 -144.677
-33.5659 -57.142 -149.561
-21.8789 -27.3636 -152.551
-6.87755 -17.4707 -126.76
-36.4316 2.36489 -136.852
-10.1918 -44.1342 -137.126
-6.93985 -38.3405 -120.904
-6.59098 7.52315 -148.876
-14.2412 6.51392 -139.73
-5.90571 -11.0416 -149.885
-20.8323 -11.3157 -143.381
-11.5125 -13.6332 -129.052
-38.7242 -3.11732 -131.245
9.63136 -26.4416 -129.576
-7.51299 3.57347 -141.549
-31.6721 -1.49757 -125.8
-10.0174 -32.5966 -152.19
6.96502 -42.9879 -124.268
-12.2476 -9.09791 -145.561
3.17731 2.82589 -149.212
-10.6777 -37.3188 -144.602
-28.769 -46.9501 -147.829
-2.86558 -26.9898 -130.722
1.34576 -33.5934 -119.608
1.93135 29.4271 -141.3
-36.4566 2.72622 -147.206
-23.7229 -29.9428 -124.455
-9.28225 -53.0179 -143.879
-16.2845 -39.0881 -124.953
-11.1512 17.9393 -134.609
-1.32059 -10.6304 -149.723
-26.5886 -37.2067 -138.746
-25.2429 0.844824 -128.255
-36.8428 14.9241 -136.204
13.8801 -35.2131 -122.449
-9.56882 10.2892 -136.017
-7.65005 -37.0572 -145.3
0.92213 -50.6755 -141.537
-25.3551 32.4423 -146.022
-29.8281 -40.5832 -134.186
-9.10782 -10.9045 -140.229
-4.3358 -23.252 -142.16
-1.63208 -6.96732 -143.879
-2.75344 -2.28253 -158.768
-27.1493 -59.746 -121.975
2.3799 -37.3064 -130.622
-17.2439 -11.6023 -128.691
-49.9752 -63.2721 -154.657
-18.2531 -25.233 -135.183
-23.075 8.17105 -139.107
2.04349 15.2356 -140.341
-8.77141 -0.363754 -147.455
-2.54163 26.0131 -145.175
-28.6569 9.08059 -140.353
-13.7303 -58.8988 -138.397
6.96502 -44.5578 -120.891
-68.1911 -26.5413 -163.366
-36.1824 8.09629 -159.354
9.08314 23.5088 -133.451
-21.6048 -13.3092 -136.827
-30.2268 -20.1994 -130.012
4.70984 -42.5518 -128.18
-25.9531 13.6906 -140.665
5.48233 -47.4484 -128.417
-23.6606 -39.0756 -121.016
-9.79309 -30.2418 -130.834
3.91243 29.589 -138.634
3.89997 12.0833 -142.01
-35.0735 14.9366 -140.503
-11.3505 21.8143 -131.943
-18.3902 2.5144 -128.766
-0.585476 -2.41958 -136.254
-17.8793 -43.3991 -154.57
-19.3371 -49.1305 -141.774
-17.9416 -34.6026 -136.566
-4.77189 -29.7932 -151.068
-17.1442 -32.0733 -147.53
-30.1645 -19.5764 -149.611
6.42926 15.8212 -133.949
-22.2402 -48.3455 -140.989
-1.93111 -30.0798 -121.19
-14.1913 -42.4148 -137.189
-9.23241 -55.5471 -138.086
-19.1253 -46.6261 -134.572
-21.5175 -31.5002 -138.061
2.62909 21.1165 -137.637
-24.134 -57.2416 -139.892
-17.1692 -26.1301 -118.836
-37.8894 -3.01764 -138.547
-18.2282 5.60438 -146.334
-17.2065 -52.4946 -132.279
-8.88354 -36.7706 -145.175
-16.0727 -50.501 -139.444
-32.8931 -8.37525 -131.557
-17.0072 -5.23544 -124.031
-36.4441 -21.084 -141.35
-18.7141 -27.9243 -144.153
-16.6957 -5.63415 -126.648
-16.3593 -26.2049 -151.953
-8.60943 -20.6479 -119.459
-26.4266 -45.9284 -154.956
-60.8524 -7.07946 -159.765
-16.0478 -7.41586 -130.921
-9.15765 -39.1254 -143.144
2.49204 -30.7775 -126.909
2.21792 15.5097 -137.4
-33.0551 -5.17314 -124.592
-0.909425 -7.31619 -133.525
9.51923 -19.1652 -133.102
-30.0897 -60.5684 -126.062
-21.0441 13.3791 -132.08
-16.6334 -35.101 -154.121
-31.697 -27.8122 -156.775
-9.19503 -4.37573 -154.395
-17.4059 -8.42509 -126.884
-18.7141 -61.9763 -146.795
-27.4234 -3.96457 -125.065
-18.1784 1.4055 -147.567
-8.09859 -31.3133 -126.984
-20.7575 -48.0963 -132.815
-13.9047 -10.3812 -123.296
-16.6708 -26.4292 -161.073
-25.2679 -11.6521 -127.57
-3.9371 -49.9403 -147.53
-17.5803 -9.08545 -154.009
-14.5526 -7.22897 -128.666
-61.1888 2.91311 -124.218
-3.31412 -45.131 -122.461
-16.3219 -12.462 -128.604
-2.39211 -7.16667 -154.408
-27.224 -53.7405 -145.1
-17.219 8.34548 -138.434
-2.40457 -42.4272 -120.293
-11.4004 -22.629 -149.561
5.54463 10.3016 -137.002
-16.6832 -36.6335 -148.066
-19.1128 -54.2638 -152.339
-1.50748 -40.795 -127.869
-3.9994 -44.2339 -141.637
-7.86186 -46.6884 -125.676
5.17084 -46.2149 -126.149
-15.5743 -30.6405 -145.761
-1.45765 16.9177 -149.648
3.78783 2.19046 -153.972
-45.4648 -0.102103 -146.857
-3.17706 -2.70615 -149.723
-21.3805 11.6348 -136.229
-34.9614 -46.3022 -141.113
7.22667 12.2827 -141.637
-11.7742 -25.1458 -118.213
-28.6693 -14.605 -124.953
-5.33257 -27.3138 -131.47
-6.7405 -18.2058 -155.143
-23.835 -42.502 -145.237
-8.3104 -45.5047 -143.182
-6.12998 -15.4398 -142.496
-30.7127 -58.5374 -156.189
-16.7829 -11.9138 -141.898
-10.8771 -26.4292 -128.118
-2.21768 20.8175 -140.067
2.39236 -29.1703 -142.135
0.92213 -34.4531 -128.866
-13.369 -31.9487 -143.356
-7.01461 -19.3397 -159.653
-30.7625 -56.7183 -154.906
-32.6813 -58.8863 -148.253
-33.1049 1.09401 -133.899
-1.28321 -21.4453 -119.882
-32.0583 -2.05825 -130.984
-33.379 -2.12055 -133.401
-27.5106 -12.0134 -139.543
-14.3658 0.732688 -132.018
2.13071 -0.799838 -144.54
-5.12076 25.8512 -138.322
1.09656 -16.3743 -126.498
-21.991 -65.6643 -133.152
-25.6666 -37.2067 -136.366
-13.3191 -11.7144 -140.353
-0.809748 -33.8301 -124.43
-52.9904 7.77234 -159.429
-24.4331 -24.4356 -152.613
-21.7169 2.30259 -138.285
-16.5586 -20.6978 -120.543
-3.13969 5.08107 -131.781
-3.20198 7.21166 -151.28
-11.7617 -41.6298 -137.55
-31.5599 -31.4753 -144.44
-32.6688 -19.2275 -150.134
-11.8738 -28.7217 -150.271
-23.1124 -62.9107 -125.19
-23.3616 -29.6936 -155.566
-38.5248 8.40778 -137.924
-22.2527 -60.5933 -121.938
-30.2517 -23.09 -129.189
9.65628 -43.9348 -125.402
5.99317 -30.1919 -124.791
-33.8525 -61.0792 -149.673
-11.4128 -9.67105 -124.355
-26.302 -62.375 -148.577
3.22715 30.0376 -130.946
-21.9412 -44.5578 -144.041
-29.2175 -1.36052 -144.452
-18.4276 -38.3031 -137.238
-13.531 -54.5005 -125.315
-8.82125 -1.03657 -125.751
-1.17108 6.40179 -136.117
-4.89648 23.1101 -140.503
-35.4349 -54.3137 -139.817
-4.94632 17.0672 -131.544
0.174557 23.2471 -128.928
-10.142 -55.136 -146.932
-27.8595 -46.5638 -149.885
-23.8101 -63.7455 -129.937
-1.45765 -31.3008 -147.879
-28.1086 -37.0198 -142.422
-7.40086 20.1821 -139.082
-18.3902 -2.36974 -138.684
-16.9947 -46.8878 -130.585
12.0485 -29.9054 -129.526
2.86582 -30.5906 -145.163
-2.29244 -17.1592 -136.042
-0.685153 -49.6289 -138.335
-10.4534 -37.6303 -122.524
-12.4594 11.0243 -133.326
-47.396 -23.713 -163.104
-36.4441 -5.79612 -138.933
-19.2873 -30.3664 -117.702
-12.4844 -11.2534 -132.416
-12.7211 -48.5075 -148.39
2.62909 -12.8856 -140.054
-14.2038 8.14613 -130.797
-6.84018 -14.3683 -144.614
-8.48484 -15.8634 -152.526
-13.2319 -33.8426 -147.891
-0.672693 8.3704 -157.772
4.0744 -0.151941 -136.192
-32.9803 -27.9492 -141.624
-17.7174 -4.46295 -141.026
-22.7884 -43.6732 -146.795
-2.20522 22.7114 -146.857
-4.26105 -9.64613 -150.445
-10.117 -13.8325 -127.283
-31.9213 -57.1295 -144.303
-6.32933 -2.12055 -129.04
-3.00263 2.72622 -156.812
-19.4243 -50.8374 -123.383
-23.5235 -26.8777 -158.121
-17.0321 17.2416 -136.366
-6.52869 -51.0742 -141.574
-31.4229 8.85632 -137.924
-28.8687 -49.8033 -131.632
-17.5305 -11.4029 -129.925
-42.5119 13.5536 -135.731
0.585722 11.8342 -149.399
0.174557 23.7829 -144.278
2.56679 26.7109 -132.429
-12.7709 -24.8468 -154.943
-33.7653 -19.4518 -145.449
-13.9297 -0.0148859 -148.302
-23.5111 -70.1124 -125.85
0.785075 -2.75599 -137.35
-28.7441 -26.2921 -138.509
-27.7473 -4.18884 -147.106
-24.2836 -4.77444 -134.011
-26.6758 -67.0349 -135.606
-4.31088 -13.3715 -151.505
-34.5253 2.86327 -137.089
-0.0123366 -50.1522 -146.309
-11.2758 -3.93965 -149.424
0.486046 -1.31068 -128.405
-8.03629 -51.1365 -146.782
-5.5693 18.4253 -144.415
-35.4099 13.591 -139.269
0.94705 -48.6944 -131.594
-73.4988 -6.55616 -122.785
-19.4493 -25.395 -128.554
-7.58775 14.8618 -139.232
1.99365 -5.85842 -129.837
-10.3039 -22.9779 -146.359
-22.3399 -13.2469 -129.65
-21.1188 -39.3123 -152.701
-16.6832 -30.9644 -142.82
-16.3717 -49.3049 -137.176
-4.93386 -13.9945 -136.279
-12.6713 -12.9853 -156.264
-20.7201 -33.9796 -151.916
-39.4718 8.58221 -149.997
-5.13322 -4.00195 -140.914
-16.4963 -56.2573 -137.849
-22.5268 -33.6682 -131.146
-26.9748 -66.6735 -123.495
3.32683 4.84434 -146.247
-16.7206 3.18722 -142.509
-18.3404 -12.4371 -138.621
-6.04276 -5.45971 -153.199
-4.47286 -48.8439 -141.749
-35.8959 -55.9708 -140.652
-32.6688 -37.7549 -153.224
2.11825 -33.718 -120.393
-9.49406 -44.3709 -123.271
-3.52593 3.77282 -127.881
-10.1046 -34.6525 -149.835
-24.2711 -52.5818 -146.022
-17.5056 -11.8888 -131.619
12.5718 -25.4324 -133.027
-1.94357 -3.70292 -141.699
2.09333 1.81667 -127.844
-24.6823 -33.3442 -159.529
7.89948 7.77234 -143.281
-13.2195 -7.96409 -152.838
-17.0321 -48.5698 -144.241
-13.8175 -19.3397 -158.096
-4.65975 -18.1311 -151.355
3.09009 -36.8204 -141.014
-7.86186 -26.7905 -144.901
-19.5863 -28.5348 -140.129
-22.8009 -46.8753 -135.295
-13.9546 -15.1657 -152.227
-26.6883 -62.051 -140.49
-38.7616 -70.0252 -131.333
-18.7515 -49.7036 -147.517
5.7066 21.9762 -144.552
-13.992 -26.94 -140.802
-30.8248 6.77557 -140.391
-27.2365 -21.1338 -143.68
-28.7067 -63.7455 -127.296
-14.7271 -35.1135 -142.77
-17.6052 -2.18285 -148.726
-4.70959 -37.0696 -132.678
4.03702 -34.8394 -141.724
-4.85911 -30.2169 -151.156
-23.9845 11.124 -129.875
4.42327 -17.1219 -124.106
-18.4899 -58.1637 -137.027
-39.0108 -13.845 -141.562
-13.9546 -26.9774 -147.455
-29.4917 -34.3659 -135.133
-9.90523 -44.807 -131.619
-15.6117 1.04418 -124.829
-26.0279 -32.0235 -142.484
-23.1622 -44.0345 -152.152
9.20774 -29.7185 -123.072
-31.3731 -40.8822 -135.183
-8.65927 22.6989 -133.339
10.9521 -35.7863 -120.443
-8.48484 -39.8481 -126.436
-3.96202 -10.0947 -142.073
-4.16137 -17.2465 -150.408
-28.3578 10.1147 -132.117
-3.27674 -16.5487 -135.332
-10.9767 -3.4911 -155.953
-31.6098 -12.2502 -137.114
-21.7543 -32.1855 -139.593
-26.1899 -2.43204 -143.319
-5.1083 -40.2468 -122.162
-20.2342 -18.5547 -134.447
-13.6556 4.09677 -139.531
-14.2661 -50.2768 -138.235
3.09009 26.2 -144.639
-19.9103 -21.1463 -155.591
-2.13046 3.17476 -142.135
5.73152 -30.9021 -143.518
0.598182 -18.4052 -124.019
-22.1904 -6.79289 -128.591
5.79382 10.04 -153.212
-9.76817 -31.6622 -115.671
-9.15765 8.56975 -127.545
-14.1041 -8.68674 -142.26
-13.668 -31.8864 -147.779
-25.2679 -36.5463 -124.766
7.81227 -33.8052 -142.808
-23.9596 10.8748 -138.933
-34.1266 -60.7179 -154.632
0.0125826 18.2882 -130.062
-27.2116 -55.1734 -136.117
-7.57529 13.7529 -147.53
-2.50425 19.4968 -133.687
-8.57205 -41.6797 -147.169
0.834914 -12.5492 -136.852
-22.776 -56.2698 -135.731
-27.1493 -51.4604 -124.293
-20.1221 -30.6529 -141.45
-4.28597 -36.4342 -118.499
-20.8946 -45.6169 -140.976
-26.3643 -68.829 -132.142
-29.6038 -11.2908 -147.567
-26.925 -21.0591 -125.501
-28.5821 -32.8458 -125.576
-18.0787 -1.93366 -143.107
-0.0746344 -3.72783 -147.929
-3.98694 -16.8602 -121.776
2.19301 -41.4554 -140.266
-11.7243 -25.1458 -144.378
-43.0477 8.88124 -134.373
8.51 8.65697 -141.724
-11.201 -23.6756 -126.187
-9.73079 -50.2394 -133.027
-30.9743 -25.6816 -133.463
-5.41979 -28.9335 -141.823
-18.2282 -62.2878 -150.72
-16.3717 -36.4965 -129.214
-19.848 -16.3369 -142.733
-44.4431 3.69806 -149.997
-2.41703 -20.162 -124.33
-4.56008 -14.6424 -126.062
-5.03354 24.8046 -132.516
-5.98047 3.8725 -148.676
-29.6412 -55.9708 -128.442
-27.7972 -7.19159 -139.531
9.44447 -35.6119 -130.946
-25.38 -52.37 -123.57
-10.3289 -19.0406 -150.421
8.33557 -39.2874 -123.172
-8.69665 5.52962 -135.756
-29.8281 -66.5116 -149.05
1.271 -48.3704 -136.615
5.54463 -28.8712 -140.665
-20.9818 -21.869 -149
-24.4954 -50.8873 -127.395
-9.28225 -57.1669 -147.343
-27.4358 -44.1217 -141.2
-9.69342 12.6066 -136.865
8.19851 -23.2893 -133.314
-0.635315 -20.922 -134.609
-13.8923 -42.8384 -118.723
4.32359 -37.0198 -120.779
-9.26979 -44.8568 -138.721
4.0744 27.3338 -135.781
-6.06768 -7.067 -141.126
-10.1669 -46.813 -141.711
-20.8447 -37.9293 -151.156
-17.0944 -19.2898 -136.566
-32.5442 -24.311 -137.911
-13.07 -59.3349 -142.97
-15.3999 -46.4018 -136.927
3.26453 29.4769 -145.96
-42.7486 -6.40664 -142.322
-13.1198 -52.5569 -131.868
-20.7201 -21.1837 -152.975
-8.68419 -14.0319 -153.847
-31.2983 -51.2984 -135.531
-24.8692 -62.5494 -142.957
-9.17011 -47.6229 -125.464
-5.30765 -10.4311 -141.101
11.7744 -21.6821 -124.966
-17.6426 -13.06 -133.039
-19.5489 -58.9735 -130.161
11.7869 -40.6331 -124.492
5.71906 -46.5264 -121.975
-18.2033 -43.2869 -126.162
3.18977 -36.8329 -135.843
-32.781 -32.7835 -154.109
-9.65604 -18.0439 -133.226
-10.1918 -35.3627 -127.483
-34.4755 -51.7594 -149.324
-31.7219 -25.3452 -115.534
-30.3389 -25.0711 -152.912
-20.77 -55.4724 -141.985
-5.22043 -52.6192 -137.5
-6.37917 -37.8546 -124.629
-21.7667 -30.1421 -150.159
-6.0303 -35.6991 -146.795
9.30741 -31.3756 -129.713
-4.34826 -31.4877 -126.511
-24.8941 3.11246 -126.86
-22.614 -23.85 -151.604
-11.9984 -29.569 -121.352
-11.0266 -39.0756 -123.333
-40.6679 -8.1759 -136.653
3.72553 -17.8321 -139.618
-23.8226 -22.2178 -125.913
-21.2559 -22.5169 -158.158
-11.8863 -23.4264 -145.973
-28.1086 -39.2376 -153.423
-5.41979 -41.4429 -136.516
2.69139 -45.5546 -134.547
-30.1022 -53.0677 -153.286
7.48832 8.84386 -137.313
-13.1073 -18.6668 -144.415
-7.43823 -55.0986 -144.552
-30.8996 -9.58383 -128.492
-21.8664 -14.1939 -145.823
5.95579 -19.0905 -128.093
-24.1091 -23.7379 -137.301
4.0744 -4.67476 -145.001
1.732 3.64822 -143.568
-25.5794 -13.4837 -127.956
-2.94033 23.6458 -126.561
-39.6462 8.03399 -134.186
-14.3533 -12.7236 -148.477
-9.20749 -3.05502 -130.473
-11.5374 -18.4924 -129.339
-17.1442 -34.6026 -129.439
8.6969 23.9947 -134.597
-33.7154 -11.7144 -151.131
-6.66574 -24.7222 -157.149
-5.33257 -25.9183 -118.474
-21.3805 -34.5029 -151.367
12.1482 5.41748 -148.739
-28.3205 -62.9107 -153.423
-21.1562 -43.262 -126.897
-28.931 -67.0598 -124.754
-22.6638 -28.2233 -152.19
-11.2259 -40.5832 -150.919
-24.0593 -43.4614 -151.268
-30.9619 -55.2107 -137.65
-11.4876 -7.56538 -137.338
5.73152 4.53285 -149.2
-26.6758 -17.9691 -149.137
-15.1382 -31.8989 -142.172
1.7943 -7.04208 -126.785
-15.7861 16.0704 -140.677
12.36 -28.4227 -134.933
-25.1806 -6.51878 -130.834
-31.2235 -53.2795 -149.773
-11.8489 -37.4808 -151.367
-18.2656 7.59791 -140.44
4.5977 23.0353 -146.608
-41.6273 -7.989 -139.419
-0.174311 18.7741 -129.576
-7.18904 -35.1758 -117.415
-4.42302 -7.73981 -152.95
-10.7774 -48.3455 -149.262
-12.447 4.18399 -135.98
-4.70959 -0.17686 -157.311
-9.94261 -0.46343 -143.132
-15.0759 -52.8808 -139.531
-15.1133 -48.819 -150.234
-30.7625 -42.7013 -140.241
-4.44794 15.8212 -149.623
-22.8881 -12.1754 -153.76
-6.56607 -0.363754 -152.501
-20.2965 -8.78642 -147.331
-20.608 -34.6649 -132.89
-1.03402 -1.13625 -152.688
-5.23289 -6.78043 -132.416
-6.81526 -3.45372 -139.556
-12.0732 -29.8182 -156.202
-12.9204 8.17105 -134.398
-8.58451 -38.1536 -120.879
-15.8111 33.9748 -140.216
-12.6339 -40.5583 -138.771
-15.0136 -47.0373 -149.038
-4.07415 -52.7687 -138.497
-6.57853 -9.12282 -136.242
-22.4894 -26.7905 -133.276
-18.1036 -46.2648 -140.179
-22.1904 -66.2748 -131.345
-17.7423 -31.0143 -140.079
-5.046 22.1631 -142.559
-37.8396 -5.87088 -134.722
-5.35749 8.64451 -140.764
-19.4742 7.7848 -138.659
-14.8268 4.71975 -145.898
-12.0234 -32.5343 -119.371
-36.332 2.31505 -130.996
-28.607 -26.155 -130.984
-3.08985 1.09401 -155.741
-4.97124 -36.0479 -120.007
2.65401 32.4672 -139.008
-22.4395 1.54256 -146.944
-24.2462 3.47379 -132.18
12.0859 -27.3885 -126.261
-32.7436 -22.0309 -137.973
-29.853 -51.8591 -134.672
5.0587 -20.9719 -127.37
4.08686 16.6685 -139.93
2.35498 28.6172 -129.439
-29.1926 -50.5633 -133.874
0.859833 -29.1453 -124.953
3.33929 -37.7424 -137.874
-31.5849 -50.2394 -148.053
7.18929 -21.246 -131.644
-19.7732 -30.167 -136.404
-14.1913 -49.2675 -145.798
-17.2564 -0.550647 -133.824
-3.7502 -43.0502 -122.013
2.61663 31.6199 -139.88
-8.75895 -18.8288 -135.768
-28.47 -15.3277 -150.445
-23.5609 -63.7082 -129.252
-20.284 -32.8707 -138.148
2.18055 -45.3677 -129.9
-20.5083 -24.4979 -119.832
-12.3722 -17.1717 -133.999
-5.4447 8.68189 -135.257
-5.49454 3.73544 -142.982
10.354 15.3727 -147.243
5.13346 -19.1652 -134.123
-32.918 -42.2528 -139.718
-32.32 -51.5103 -131.843
-18.9882 8.45762 -127.134
4.5354 -3.6157 -135.407
-2.25506 -11.6272 -145.948
-8.9583 10.0649 -143.144
-1.37043 13.7654 -130.896
-35.0611 -18.3803 -153.099
-26.5138 -30.4411 -130.884
-14.752 -33.2321 -129.925
-5.65652 6.91263 -150.956
-13.3316 4.64499 -132.541
-40.4561 2.93803 -142.92
-3.2269 -11.2285 -133.588
-12.2601 -3.21699 -129.738
5.00887 -39.0507 -136.466
-20.3713 0.782526 -132.815
-1.74422 9.79079 -128.753
-0.722532 -21.2709 -120.281
2.79106 -3.90227 -142.172
2.61663 23.9199 -146.371
-34.0145 -45.4175 -136.478
-13.2568 -34.5777 -156.501
-5.81849 16.519 -128.878
0.124719 -28.8712 -128.691
-6.51623 19.6837 -131.955
1.74446 16.2448 -130.361
-1.95603 14.1143 -146.944
-9.64358 -0.687702 -127.121
-35.3477 -51.1489 -137.375
-18.0912 1.45534 -144.104
0.37391 -7.77719 -124.019
-5.68144 -15.3651 -157.846
-26.302 -13.6083 -145.237
6.77812 -23.8376 -122.038
-40.4187 -0.401132 -136.491
-3.76266 11.2236 -134.049
6.24236 19.7709 -142.77
-27.523 -43.9971 -144.814
-24.5452 -38.328 -122.785
-15.5619 -42.0534 -152.651
10.4911 -36.9949 -121.577
0.0997995 -20.5732 -123.844
-32.0708 -45.4674 -145.237
5.0587 -12.8109 -127.096
-42.4994 9.0183 -136.902
-16.895 -15.9756 -126.984
5.3079 8.05891 -145.437
7.62537 -38.1411 -135.22
1.86906 -44.8568 -130.747
-19.4368 0.246765 -133.662
-12.3348 7.64774 -138.335
-8.79633 -2.95534 -141.574
-17.8918 8.8314 -136.827
-27.5355 -45.2805 -145.262
-37.5405 -0.73754 -148.888
-15.0012 -28.1112 -126.822
-9.88031 -37.7674 -143.393
3.77537 10.962 -136.79
-25.2429 7.48577 -138.31
-1.657 -2.73107 -152.788
-13.2818 6.16506 -141.612
-12.8208 -46.1402 -122.225
-7.71235 2.62654 -154.57
-9.33209 -28.3604 -147.617
-3.91218 -50.4263 -138.584
-12.908 -8.56214 -150.819
-9.51898 -24.8592 -122.536
-21.1687 -39.0009 -130.174
-33.5036 12.5194 -144.864
-3.04001 -4.25114 -153.71
-6.77788 -35.2131 -146.384
-21.2933 -8.97331 -127.682
6.66599 -47.4609 -129.987
-34.1266 -32.7212 -138.671
4.19899 3.46133 -137.475
-19.1253 15.734 -136.503
0.261774 19.5217 -139.668
-28.47 -30.5159 -150.682
7.66275 4.99386 -147.866
-12.447 -9.29726 -139.406
-20.1844 -36.2473 -152.514
0.236855 -34.7895 -141.711
-22.6389 -2.76845 -147.019
-35.709 -14.8916 -141.599
-21.368 -52.37 -124.044
-34.8617 -7.78965 -142.895
-9.44422 -9.29726 -134.996
-35.4972 -55.5596 -140.254
-29.1179 -36.9201 -130.473
8.82149 4.05939 -137.064
-0.249068 25.7889 -132.666
-31.9213 -26.7157 -148.278
-7.03953 -0.961813 -148.128
-19.9476 9.64127 -126.984
6.16761 -22.6414 -138.596
-23.3366 -16.3992 -134.572
-12.285 -34.1042 -144.54
-25.1059 -16.8851 -157.261
-29.2674 -16.7356 -139.469
-11.6496 -5.59677 -147.181
-12.0857 -14.306 -154.345
-4.64729 -19.2275 -138.372
-27.7349 -53.7654 -154.894
-4.04923 5.91586 -146.259
-19.2001 -22.8159 -153.735
-22.3399 -41.119 -133.787
-13.5933 -33.9298 -147.119
-25.841 -1.88382 -135.781
-14.5153 -11.7144 -161.41
-35.1857 -52.4946 -151.592
-1.09632 -31.2385 -121.141
-6.56607 -10.1071 -139.992
-1.14616 -10.8049 -140.951
-20.1844 -26.2049 -123.508
-2.52917 -30.5034 -125.8
-0.348745 -15.851 -148.016
-17.3934 -25.5944 -161.223
-24.8318 -36.646 -120.966
4.77213 -3.32913 -129.364
-15.7737 -29.6811 -159.803
-13.8175 -55.0612 -148.041
-15.8858 0.471037 -151.255
-25.5669 -47.5232 -133.961
7.25159 17.5282 -137.039
-0.0247961 0.707769 -157.797
-7.21396 -24.8717 -117.901
-14.2038 -24.012 -152.277
-14.3907 -37.4683 -148.415
-31.996 -37.5929 -147.505
-25.8535 -5.43479 -145.91
3.68815 -31.7743 -136.715
3.93734 20.4936 -130.822
-2.15538 18.4626 -133.961
-11.8738 -29.6437 -155.604
-6.50377 -45.9782 -125.589
-28.8438 -60.9421 -127.894
-4.53516 -12.138 -138.135
-7.2638 21.1913 -131.955
-3.94956 -11.4403 -148.539
-6.2172 -28.6843 -152.489
-23.0501 8.25826 -140.951
-23.2494 -44.4581 -137.313
-2.29244 -30.5782 -143.406
-27.1243 0.408739 -147.081
-28.8936 -26.2049 -137.014
-20.0722 -23.6382 -138.559
-0.635315 5.30535 -135.681
-34.3758 -12.3748 -142.06
-14.0169 0.209386 -149.025
-2.3049 -28.485 -126
-8.50976 4.14661 -147.991
-21.206 -22.4795 -138.746
-15.674 1.74191 -130.249
-4.34826 -19.9876 -155.392
-22.6389 -12.7984 -124.953
-28.4575 -26.8403 -129.09
-33.1797 -8.6369 -147.281
-13.8424 -35.2007 -127.669
9.31987 3.47379 -149.685
3.53864 18.338 -130.734
-8.39762 -0.974272 -141.325
-15.4871 -45.131 -120.281
-4.4604 -10.7924 -131.906
0.261774 -24.6973 -132.279
-35.6965 -12.001 -135.569
-12.0483 -5.22298 -128.317
-35.3352 0.558254 -144.751
-24.1216 -21.246 -121.327
-33.0426 -41.1688 -135.818
-35.4473 -11.3406 -134.859
-19.5988 -64.0695 -149.636
-6.08014 15.6842 -144.577
-2.97771 31.0343 -140.478
-23.8599 -36.1725 -135.731
-32.8682 -10.5557 -127.682
-10.7774 8.58221 -135.805
-20.7077 -51.9214 -129.788
10.2793 6.37687 -141.338
-5.85587 1.21861 -147.58
-11.662 -18.6295 -155.791
-16.7206 -35.4873 -158.17
-31.4852 -59.5093 -150.745
-24.3832 -50.7627 -153.897
5.55709 -30.5782 -123.994
-30.5009 -53.4789 -125.776
-32.7436 -4.42557 -128.716
-21.368 -13.8948 -129.763
-14.2287 13.7903 -127.931
-2.40457 -34.6649 -139.057
-40.7551 -5.49709 -139.506
-32.3324 -23.7628 -144.303
-12.4096 -46.9874 -148.614
-8.77141 -12.2003 -159.08
-19.1502 16.7681 -131.843
-13.7677 -5.1856 -146.396
-13.5808 -57.2915 -138.821
-11.9611 -37.0322 -141.063
-28.2955 -58.9486 -125.29
-8.09859 -38.2408 -138.086
-25.5794 -59.8332 -139.494
9.6812 12.1955 -149.536
-20.3837 -10.157 -126.199
5.00887 -43.2371 -129.925
-23.5111 -50.6505 -141.35
-20.6703 -13.9571 -129.09
-5.54438 7.1369 -144.502
-18.602 -37.5306 -131.432
-17.6052 -31.874 -127.669
-14.8143 -36.3968 -136.366
0.598182 -23.9746 -120.58
-30.1769 -40.7203 -134.784
-34.8617 -62.0386 -148.988
9.53169 -27.0521 -128.741
-23.1248 10.6879 -131.868
-34.6748 11.2361 -146.409
-22.1779 -30.4785 -151.206
-15.5245 -14.4057 -126.012
4.95903 6.6136 -145.811
-16.7954 0.882202 -150.072
-16.459 -48.2334 -125.975
-12.8083 -19.701 -137.201
9.65628 22.6989 -138.447
-11.0141 -29.1578 -152.078
-6.10506 -25.5944 -133.164
4.24883 -8.42509 -133.339
-16.758 -22.4546 -161.011
-6.76542 -39.9229 -148.178
6.57877 -31.1762 -134.809
4.33605 -11.6023 -130.51
-1.28321 -33.1449 -147.231
-25.9282 -32.497 -123.383
-18.8637 -21.383 -142.372
-12.5591 -32.9704 -153.548
-26.9624 -60.3939 -140.615
-27.6103 -18.455 -144.415
-24.3583 -28.1735 -136.74
-32.3324 -3.97703 -145.1
-30.8871 -41.4055 -153.037
-8.44746 -54.5878 -146.234
-19.9352 -20.6355 -150.632
-34.1391 2.72622 -134.223
5.73152 28.1936 -144.565
-2.67868 -32.933 -131.519
-35.1608 -9.40939 -133.8
-5.07092 3.8102 -128.006
-15.4747 -24.0618 -155.217
-11.4502 -39.8979 -120.343
-16.9823 -56.6187 -139.88
3.75045 -5.70891 -137.65
-31.9088 -5.59677 -125.053
-11.986 -27.7499 -127.096
-30.152 11.7096 -142.284
-24.4082 -21.4329 -139.88
6.34204 9.49176 -143.854
-19.1004 -57.1669 -132.728
-10.4908 -5.21052 -127.383
-19.5738 -30.2169 -121.39
-17.7672 -58.9611 -150.371
-12.0981 -58.4253 -141.749
-14.5526 0.595633 -133.513
-42.9978 1.56748 -144.727
-20.2467 -42.0908 -125.464
-16.6209 -59.9952 -144.776
-3.25182 -20.9843 -155.703
5.32036 -37.3562 -142.521
-20.6578 9.36716 -141.076
-19.1004 -19.6138 -155.442
0.797535 -29.6313 -122.237
-9.50652 -22.4421 -157.223
-2.67868 15.9458 -130.759
-7.17658 -33.0327 -121.589
5.90595 -23.5884 -133.824
-62.7338 -7.04208 -159.666
-14.1664 -37.9044 -121.627
-26.4266 -63.5462 -121.975
-29.0307 -49.1056 -130.934
-32.2577 -9.17266 -160.475
-33.1672 -33.2695 -157.647
3.58848 -30.7651 -126.959
-40.3564 2.21538 -146.421
-22.0782 -65.5148 -138.223
6.39188 3.23706 -139.543
-8.99568 -31.0517 -131.831
-2.15538 -16.4117 -129.763
-26.302 -35.6741 -148.913
-2.87804 -12.3249 -136.64
-7.13921 10.0275 -146.932
-1.24583 -38.1411 -147.779
-26.7879 7.75988 -135.98
-25.218 12.9929 -134.148
-17.9666 -46.352 -136.715
-24.7072 -48.1462 -141.151
-30.1645 -52.1208 -141.225
-25.4298 -31.4628 -143.418
5.69414 -22.8906 -121.614
-18.8263 -59.9703 -148.552
-8.54714 -34.5528 -124.056
2.42974 32.978 -143.904
-23.997 -9.70842 -133.849
-2.20522 -9.23496 -154.457
-2.36719 -22.2677 -133.226
-1.27075 8.60713 -134.722
2.71631 -18.6668 -131.445
-3.76266 -23.2893 -138.572
-8.52222 -35.8112 -147.692
-12.2975 -1.18608 -155.093
-10.0174 -33.5311 -122.96
1.64479 -38.4028 -129.376
-10.7525 -7.47816 -145.462
-42.5119 -24.7596 -161.186
-26.1151 -4.64984 -149
-29.3172 8.74419 -130.386
-7.13921 -8.48739 -129.812
-10.6528 -42.203 -136.217
5.13346 -33.6183 -123.072
9.05822 4.29612 -150.657
-13.9546 -9.24742 -151.068
-17.5928 -36.4093 -146.446
-8.5596 7.59791 -138.883
-7.62513 -2.20777 -153.336
-24.2711 5.99062 -131.669
-13.1696 -44.8195 -126.311
-28.1959 -29.5565 -142.035
-33.5659 11.8965 -146.658
-23.2993 -44.9067 -143.356
-15.7114 -14.0444 -140.129
-3.94956 -38.2284 -149.785
-27.5604 -62.4871 -144.776
-4.28597 -29.569 -140.59
-21.9661 -10.6429 -133.264
-6.84018 -15.228 -157.448
-3.33904 -44.7821 -127.931
-21.0192 -49.6289 -146.247
1.81922 31.9563 -135.594
-14.8143 -40.035 -120.293
-28.3329 -32.8957 -144.104
-17.381 -0.525728 -138.983
-21.3929 6.01554 -136.914
-26.763 -55.3478 -144.689
-12.2102 -14.929 -160.563
-22.2651 -10.6678 -135.245
-15.7363 -23.3766 -154.595
-29.6163 -10.7301 -154.071
-11.6745 -21.4329 -117.253
-3.89972 -14.9414 -141.338
-18.0164 -38.4526 -126.685
-25.4174 -5.97056 -147.169
7.72505 -45.7041 -124.492
-15.512 -37.9916 -149.748
-22.2028 -52.8185 -154.109
-8.01137 -29.407 -127.669
-24.4082 -43.9348 -154.183
2.39236 5.52962 -130.149
-10.3787 18.4128 -137.724
6.15515 13.8401 -146.969
-14.6274 -52.7437 -150.346
-23.0251 -53.0428 -146.982
-30.3514 4.60761 -137.936
0.324072 11.6971 -132.416
0.897211 4.14661 -152.501
-25.3426 -29.3073 -156.115
-29.5166 0.832364 -143.468
2.71631 30.7602 -140.951
-16.6832 -32.9081 -137.263
-31.2235 -4.03932 -124.106
-31.4976 -29.7559 -153.972
3.30191 -7.34111 -134.56
-30.7999 -16.4241 -150.869
-23.673 -52.6441 -121.564
-14.2536 -60.83 -148.876
-16.7206 -15.7139 -130.896
-4.82173 -0.949353 -139.556
-8.77141 -25.096 -126.698
-15.5743 -16.5986 -124.978
-5.51946 -48.8314 -131.482
-5.51946 -14.5054 -144.054
-10.6403 -34.0544 -141.288
-5.507 -35.861 -121.963
-5.35749 -2.91796 -137.612
-2.79082 -51.6348 -142.77
-49.2899 -65.7391 -122.225
-27.062 -40.5085 -142.048
-44.5677 1.72945 -139.207
-18.0662 -26.6908 -150.882
-19.9601 -27.2764 -155.492
-18.3902 -62.973 -144.664
-1.1337 -31.3507 -119.77
-11.7243 -9.18512 -141.699
1.17132 11.9588 -141.151
-18.1161 -7.24143 -155.193
-11.0889 -56.1577 -141.039
-20.0473 15.4225 -132.018
-2.66622 -37.2067 -119.932
-6.91493 8.28318 -129.588
-26.8129 -19.1154 -126.1
-18.5522 -47.6229 -123.994
-22.9504 -24.0245 -137.724
-29.7159 -43.8352 -136.566
-24.595 -16.312 -142.795
-17.7672 -22.9779 -121.552
1.78184 -19.1528 -137.911
-33.7154 -12.1754 -130.772
-25.0062 -13.9696 -156.015
2.80352 -28.323 -137.612
-12.8581 -32.0235 -124.006
-7.50053 -34.6026 -151.38
-8.74649 4.76959 -139.793
-20.907 -11.2783 -143.007
-20.2467 -25.8685 -119.209
-28.5074 -44.3834 -127.944
-12.9703 -12.6987 -126.86
-35.7339 -10.7675 -140.254
-24.9439 -16.8976 -154.258
-17.8544 -52.8185 -143.182
-25.1806 -30.3165 -151.206
-26.8876 -28.2732 -144.963
-17.3436 -41.4554 -127.084
-10.8522 -9.7458 -158.17
-37.2415 -6.73059 -131.382
1.6697 -39.5865 -125.925
-20.7575 5.51716 -135.668
-33.1548 -34.341 -142.608
-12.0857 -17.1343 -157.759
-22.1281 1.43042 -141.811
-37.4284 2.98787 -145.586
-26.1276 -59.1355 -150.707
-31.4603 -17.8819 -142.584
-5.6939 -37.7923 -136.154
-9.31963 -15.9631 -152.576
-2.37965 24.1567 -132.105
-2.77836 5.16829 -139.955
-26.9748 -61.9389 -138.173
2.71631 -24.6599 -138.123
-2.44195 -24.012 -150.607
-14.9638 -8.66182 -121.838
5.54463 -10.2691 -137.251
-51.7818 -2.17039 -150.271
-20.0971 -15.4024 -123.67
-30.6504 -54.1766 -126.124
-24.3832 -16.8602 -134.996
-7.67497 -46.1402 -145.225
-3.11477 -3.06748 -131.968
-13.9172 -20.8597 -133.974
-22.4146 11.9961 -131.955
-34.0394 -21.0342 -150.807
-33.8276 -13.3092 -146.122
-8.02383 -14.5178 -122.025
-17.6675 -49.8531 -131.519
-29.2175 -30.9146 -151.579
-28.6693 -59.6463 -147.069
-8.36024 -25.5819 -153.212
-21.1313 -43.3492 -133.986
-7.08937 -24.4605 -141.898
-10.142 -18.8164 -159.105
-14.5153 -9.01069 -150.956
-7.06445 -3.34159 -125.128
-30.9743 -2.49434 -128.205
-31.6347 -31.9612 -155.554
-8.57205 -36.7457 -128.641
-23.6357 1.94127 -131.831
-14.428 -27.563 -162.444
-32.1705 -41.3931 -155.08
1.68216 -8.83625 -145.561
-8.90846 -32.4222 -152.501
-15.2005 -35.2879 -123.508
-25.4298 -58.824 -127.296
-6.14244 1.20615 -156.277
2.11825 -9.08545 -134.659
-25.4298 -18.1685 -132.093
-13.1447 -60.1198 -144.477
-27.6975 -2.84321 -128.442
-11.1761 -53.6782 -132.043
0.64802 -12.6115 -128.18
-31.0491 -28.946 -128.604
-32.9554 -54.6625 -129.85
-8.87108 -6.89256 -133.226
-11.0141 -0.201779 -124.48
-27.6726 -41.9413 -132.192
-23.1373 -46.0031 -129.837
-2.09308 -31.8615 -144.104
-8.14843 -41.281 -139.643
-34.3384 10.1895 -135.045
-18.6892 -6.38172 -153.249
-10.0049 -43.6732 -137.799
-14.8018 16.2698 -139.12
-20.4834 -29.0706 -124.455
11.6249 -21.6571 -131.096
6.39188 -36.5339 -130.423
-18.2531 1.01926 -139.793
-22.5143 -25.6193 -155.716
-2.08062 -33.1822 -149.922
-33.5659 -20.1371 -135.457
3.76291 1.77929 -148.228
-10.9643 4.95648 -132.093
-30.912 -18.7167 -142.409
-0.672693 -0.0647241 -138.098
-21.4054 -4.40065 -146.832
-23.6232 -31.1762 -129.364
-13.531 -34.2787 -118.948
-34.164 -41.3806 -145.723
-5.71882 -4.15146 -136.466
-23.3865 2.35243 -136.541
-15.4747 10.4138 -137.101
-17.6177 -21.7319 -147.194
-4.16137 -39.8232 -138.733
-3.3515 10.0649 -136.603
-13.7802 -56.1203 -143.58
4.80951 23.3966 -145.599
-17.8295 -39.7609 -141.649
5.03379 1.85405 -151.629
-31.5226 -14.1316 -149.312
-17.3436 -25.233 -154.993
-25.4921 -37.7549 -158.17
-6.25458 -16.0254 -160.064
-10.8895 -51.5725 -149.86
3.22715 0.346441 -140.029
-14.7022 -52.7936 -146.969
-28.2208 -3.51602 -138.123
-26.5138 -25.1957 -126.897
-18.7266 7.82218 -135.943
6.50401 -19.7384 -135.731
2.40482 28.6919 -146.247
-10.9269 -28.6594 -129.464
-26.4889 3.44887 -142.01
-7.7871 0.172008 -135.905
-33.5659 -23.5884 -156.127
-30.4386 -24.8842 -152.526
-28.3578 -4.25114 -139.381
2.41728 8.00907 -152.115
-4.99616 -3.10486 -128.28
-5.35749 -29.5067 -123.794
-8.73403 11.6722 -134.123
-13.7552 -24.772 -139.805
-17.0695 -57.8771 -153.922
-19.1378 -33.3193 -155.417
9.96777 17.6029 -145.86
8.27327 -30.2293 -127.894
-29.554 -16.5363 -140.478
-3.50101 -40.4462 -129.613
-5.70636 -37.8172 -138.572
-15.9855 -21.4204 -154.258
-9.0206 -29.8057 -118.001
-14.1789 13.3542 -129.476
6.26728 2.72622 -134.011
-7.3261 -37.7923 -117.826
-22.4146 -1.42282 -147.48
-10.0797 -7.56538 -156.787
-19.1751 16.2573 -135.668
-14.8268 -35.1633 -132.479
-29.0805 -42.0534 -152.763
-0.722532 -35.8735 -142.783
-2.45441 -14.4929 -154.931
12.4721 -30.4287 -133.089
3.72553 -20.6853 -130.946
-34.6748 -13.683 -132.815
-13.668 -23.0526 -125.277
9.75596 -36.5588 -122.985
-33.8027 -69.1904 -132.927
-18.4649 -51.3358 -156.812
-6.06768 -24.7222 -139.705
-13.369 -6.56861 -127.433
-10.4161 -30.0549 -117.527
-11.5623 -35.0138 -126.561
-24.7944 -19.3023 -152.576
-9.10782 -29.3945 -116.618
-22.6638 -29.9677 -134.061
-4.9214 4.25874 -144.315
-3.63807 -51.4604 -134.846
-25.0934 -8.35033 -125.14
-22.2776 -18.0563 -154.433
-24.8692 -51.6971 -152.451
-22.5641 -13.3217 -152.85
-49.5765 -66.1378 -122.511
-25.2803 -9.8704 -141.549
-33.6905 -26.0803 -134.248
-16.8701 -46.1526 -134.136
1.732 16.7432 -132.691
-3.48855 14.6002 -130.336
3.88751 -34.9141 -122.872
-7.30118 -10.3563 -152.364
8.06146 11.3358 -134.485
5.07116 29.0782 -144.577
-34.625 -26.8154 -148.539
-17.0446 -49.5416 -148.751
-3.38888 -21.4329 -151.729
-14.9513 -52.7687 -124.393
-32.781 -16.5986 -132.441
1.54511 20.5309 -147.493
-17.0819 -12.6489 -151.828
-11.2882 1.26845 -131.669
-7.07691 -24.0618 -150.383
-0.498259 -1.97104 -155.454
-18.9509 -52.2454 -152.713
-1.29567 -37.4309 -134.323
-19.8355 -39.3746 -141.848
-5.68144 -23.389 -134.547
-8.82125 -16.6733 -126.212
12.3475 -29.4817 -132.578
-23.3242 -30.329 -145.698
-22.5143 -34.7272 -140.877
3.92488 30.4114 -137.861
-0.0247961 -50.6381 -143.319
-5.12076 4.69483 -160.338
-21.8789 -14.5801 -140.154
-27.2863 -19.0531 -141.213
-30.0523 -62.3251 -146.421
-24.2337 -57.9643 -153.286
-2.8282 -26.7033 -127.433
-1.35797 -44.969 -132.94
11.3383 -24.0618 -135.805
-3.80004 -43.7853 -122.075
-27.386 -35.4125 -129.937
-7.15166 12.8434 -151.28
6.62861 -18.8164 -131.457
-31.3855 -49.1056 -130.909
-0.77237 -16.4615 -140.229
-36.3693 7.98415 -142.708
-5.91817 14.7871 -139.344
-20.5831 -14.7795 -123.807
-14.9264 17.2665 -132.043
0.635561 -29.1952 -128.193
-6.60344 9.69111 -138.397
-19.6735 -47.9094 -132.117
-2.80328 -0.288996 -136.665
-24.5203 -3.75275 -143.53
-22.3274 2.639 -128.766
9.95531 6.57622 -143.456
-25.8784 -8.00146 -131.868
-3.67545 -48.3829 -140.727
1.52019 -7.34111 -134.136
-17.0321 -35.4873 -119.334
-23.1497 -27.7374 -147.356
-5.60668 2.95049 -130.909
-10.4285 -19.701 -140.615
5.14592 16.9426 -146.595
-8.5596 -30.4536 -139.88
-21.6172 -6.28204 -126.573
4.5977 -33.5062 -136.777
-5.02108 16.1576 -134.186
-11.6496 20.7303 -133.8
1.64479 9.52914 -158.756
-1.08386 -51.6598 -138.559
-33.3417 10.8125 -145.399
-7.01461 -47.3861 -138.086
-21.6546 -6.83027 -144.278
-25.8659 -26.2423 -148.439
-5.48208 -7.60276 -150.906
-31.996 -39.6114 -149.324
-19.7607 -35.6866 -137.288
-3.78758 -24.0618 -125.389
-7.08937 -37.3936 -143.157
-20.3588 -4.55017 -130.037
-8.94584 -46.5887 -138.447
-31.398 -0.0273455 -134.983
-2.1803 -31.6871 -132.018
-7.35102 9.417 -151.891
-21.4677 -14.0693 -125.626
-11.6745 -40.0724 -135.469
-10.1295 5.41748 -127.806
-27.1866 -53.8651 -133.538
-6.60344 -5.59677 -152.751
-28.308 -15.7762 -143.568
-36.2074 14.7871 -133.438
-6.52869 6.97493 -127.757
-23.0874 -39.4868 -126.274
3.53864 -19.0033 -139.768
-15.7488 -17.0845 -134.211
6.7532 -15.5146 -136.703
-1.43273 -32.335 -124.33
-30.2517 -55.4724 -147.792
2.69139 21.1414 -138.522
-20.6454 -28.0614 -151.828
-23.4737 -34.2911 -148.278
-34.787 -25.4075 -139.68
-10.2915 -16.7855 -138.335
7.13945 -23.389 -123.57
-13.5559 -21.6198 -157.037
-19.7607 -0.288996 -125.227
-26.7879 -0.46343 -137.587
-18.3404 -58.4004 -128.953
-12.2601 -35.1758 -140.328
-38.6619 -31.7494 -161.958
-13.3067 -0.301456 -125.776
-20.2591 0.745147 -140.453
-33.0426 -29.0457 -151.143
7.4011 -0.625404 -138.783
3.20223 -8.59952 -131.831
-24.6449 -42.5144 -137.251
4.08686 5.19321 -133.986
-40.1944 1.04418 -147.032
6.24236 -26.1177 -129.314
-26.2023 -50.7253 -134.896
-31.9462 -51.884 -125.701
3.50126 -43.2496 -138.758
-20.0722 -47.0746 -124.38
-4.3358 -18.8164 -150.421
-23.7478 -17.9193 -123.956
-0.809748 -34.3908 -119.01
-30.9245 -28.7217 -149.573
-24.9564 -54.3386 -138.733
-17.0819 -48.0714 -136.64
-43.9198 6.06538 -137.263
-31.0117 -48.495 -156.189
-21.991 -45.4424 -136.977
-16.4216 17.3164 -136.815
8.42279 26.7607 -141.338
-18.1161 5.05616 -128.517
1.13394 29.3025 -137.562
-8.3104 0.172008 -146.01
-12.7086 -43.8476 -138.983
-32.0583 -24.2737 -149.536
-19.1378 0.458577 -145.188
-17.2564 -16.8851 -129.937
-5.18305 -19.6387 -141.188
-34.4132 4.02201 -147.218
-26.6883 -0.874596 -128.928
-25.6915 -34.2164 -123.558
-14.2287 -32.2727 -144.315
-5.75619 18.4128 -134.273
-0.622855 -10.8547 -133.575
-31.236 -33.3816 -136.964
5.84366 4.73221 -152.526
-9.35701 -32.6091 -119.546
-20.8198 -49.7036 -132.952
-21.4926 -56.357 -139.17
-17.7548 -11.2659 -138.023
-9.74325 -46.2274 -125.452
-24.8816 -47.4235 -137.45
-19.7109 -28.7716 -121.963
-28.3703 -39.3871 -128.816
-1.90619 -45.7789 -130.959
-27.8719 -47.3114 -155.08
-1.27075 13.2172 -133.662
-29.2051 -42.8882 -149.723
-28.5696 -35.2256 -123.981
0.94705 22.2379 -132.84
-8.28548 20.6555 -142.633
-11.0515 -2.49434 -143.593
-15.7114 -16.3743 -153.772
-20.6329 -39.9976 -142.06
-11.6994 3.89742 -151.928
-23.1622 -21.4827 -126.05
-4.08661 -30.1421 -139.568
-5.88079 22.7986 -133.849
-19.0007 -37.9542 -156.389
-10.1544 -24.2612 -127.296
0.0250421 -51.2611 -135.569
8.26081 11.423 -144.153
6.72829 -8.62444 -127.52
-8.5596 -17.7947 -124.579
-6.76542 -8.16344 -138.285
-10.5531 -43.7106 -139.344
-20.4585 -46.3271 -130.062
-17.057 -15.3775 -121.153
-18.8263 -38.7392 -121.639
13.0702 -32.5468 -126.997
-43.6333 7.2615 -137.251
-5.07092 19.9702 -141.649
-25.2305 -25.3452 -122.374
-26.7007 -51.4978 -154.657
-5.93063 -39.2002 -143.319
-17.0321 14.4631 -140.665
-29.3048 -33.6682 -152.751
-7.61267 -47.8596 -128.704
-7.89924 -5.02363 -132.404
-18.5272 15.9458 -131.669
-18.1535 -21.2211 -131.694
3.93734 -27.8371 -129.414
-4.36072 15.2107 -149.81
1.32084 10.6007 -152.726
-34.3384 -49.6538 -146.421
-33.5909 -23.4513 -154.445
-6.92739 20.8424 -137.65
-34.3384 -58.4004 -145.923
-71.3558 -18.4177 -163.241
-21.7543 -6.43156 -123.57
-17.9915 -19.2524 -156.85
-3.94956 3.33674 -151.305
-34.1515 -56.0331 -142.147
-6.85264 -15.8136 -124.056
-13.6057 -28.2607 -148.477
-25.8908 -16.7107 -133.127
-8.69665 -2.93042 -132.566
-21.2933 -15.2654 -134.958
-24.4206 -64.9666 -141.886
-34.0892 -34.1292 -146.085
-19.8106 -1.48511 -144.926
-18.4525 -41.6298 -156.239
-5.6939 -23.3766 -122.96
-8.12351 -6.26959 -131.457
-3.3515 -51.0492 -135.668
-26.3145 -0.164401 -132.267
-28.8811 -5.58431 -122.773
-28.5074 -65.1285 -151.505
-14.2162 0.433658 -141.014
-11.8738 -9.33464 -124.38
-8.13597 -38.9012 -150.383
-12.908 -27.3512 -124.891
-20.6952 -17.2465 -152.015
-6.40409 -22.2054 -151.667
-12.0732 -27.0895 -135.519
-0.797289 23.4714 -139.518
0.236855 -7.0047 -133.849
7.37618 -2.18285 -135.295
-23.1497 -55.5347 -145.188
-8.63435 -13.2096 -140.49
-3.15215 -38.6395 -146.608
-9.88031 -43.0377 -120.829
-26.4515 -0.0273455 -124.006
-37.0422 -6.50632 -143.256
-27.6601 -35.9233 -148.091
-21.8415 -56.3072 -123.894
-15.4497 -17.4458 -132.84
-11.9486 12.644 -135.469
-5.07092 -23.4015 -127.37
4.98395 -32.036 -141.736
-9.24487 -30.329 -146.558
-32.918 -27.401 -155.267
-29.1552 -45.43 -149.112
-24.919 -31.6871 -131.569
1.48281 26.9974 -141.375
-9.28225 -10.2691 -147.443
-4.28597 -37.107 -148.377
-26.2023 2.90065 -124.056
-41.0043 9.36716 -147.779
-17.2813 -2.46942 -138.16
3.12747 -37.2067 -129.314
2.86582 -2.61893 -150.52
-14.3284 -19.1528 -128.704
-25.6666 -39.4868 -132.08
0.797535 -25.8934 -134.148
-29.392 -45.9408 -131.382
-16.2845 -34.4282 -143.244
-12.6588 -27.102 -135.793
-32.5193 -29.5191 -155.965
3.09009 -33.7305 -123.907
-18.3528 -51.448 -130.136
-0.0497152 8.14613 -157.709
-36.93 -9.06053 -147.605
0.872292 -9.60875 -133.8
-27.7349 -36.9326 -132.902
-10.6902 -32.6839 -140.976
-1.78159 29.5766 -140.739
-17.4059 -18.5547 -141.263
-9.49406 -36.2099 -141.5
-36.8926 -6.31942 -142.534
-7.89924 -24.2861 -146.11
-23.9721 -57.1046 -146.035
-35.8959 -5.33512 -139.269
-4.51024 -37.9792 -133.837
5.49479 -16.7481 -130.859
-27.2365 1.48026 -140.465
-32.7561 11.2859 -135.045
-12.2725 8.81894 -146.907
-16.7954 -0.812298 -150.146
9.6189 7.79726 -152.427
-19.0879 -59.3473 -134.584
-12.3847 -48.5823 -138.235
-17.518 -20.1246 -146.483
-13.2942 -35.7489 -136.179
-25.9905 -4.79936 -132.466
-16.3344 -26.4915 -120.792
-12.8706 -53.1798 -151.542
-28.4326 -60.7926 -144.727
-24.6823 -68.5051 -130.099
-27.5978 -66.1004 -137.874
-17.219 -20.7102 -138.534
-39.7957 1.35567 -148.651
-13.6929 9.60389 -129.239
-17.2813 -7.01716 -138.285
-8.9583 -21.3207 -159.08
-19.4493 -55.1609 -145.835
-26.8253 -27.862 -135.544
5.49479 -17.7324 -138.023
-26.0777 -18.0812 -158.569
7.9867 7.57299 -144.49
1.64479 7.99661 -147.393
-19.1378 -17.4583 -154.918
-19.1128 7.16182 -145.35
-1.24583 -30.9271 -121.402
-3.67545 -31.4628 -131.245
-31.9587 -43.0502 -129.738
-18.2531 -36.7706 -120.007
6.46663 28.829 -129.999
-11.8365 0.583173 -145.424
-26.0279 -1.31068 -146.321
-39.9701 -67.4834 -122.549
-5.30765 -31.7992 -120.007
1.35822 2.56424 -143.655
-29.529 -51.1863 -155.317
-14.4031 -21.8191 -118.474
-1.79405 -8.21328 -137.014
-16.7331 -21.869 -150.284
-20.1968 -33.4688 -121.352
-4.94632 17.4285 -141.761
-22.153 -34.7148 -142.683
-30.5881 11.9961 -137.924
-9.29471 -13.3342 -141.014
-7.27626 -19.9502 -127.919
-34.7745 -5.52201 -131.121
-29.5913 -61.3408 -132.965
8.62214 -28.784 -133.351
-34.4506 4.28366 -132.005
-13.369 1.64224 -133.862
-22.9878 -38.4402 -124.268
-16.8826 -24.934 -139.045
-38.014 32.8161 -146.072
-14.4031 -27.2639 -131.694
-32.3823 -14.7545 -141.574
-40.0324 8.63205 -143.506
4.18654 -34.341 -129.239
5.10854 2.15308 -155.691
-21.2933 -38.0788 -119.695
6.59123 -31.2136 -139.132
-23.0625 -10.0448 -147.443
-25.9905 3.79774 -133.201
3.33929 -47.0497 -122.349
4.69738 -14.63 -133.239
-15.6491 1.61732 -135.88
-25.3177 -14.0942 -122.436
-13.9421 -36.2348 -127.146
-63.1823 -1.32314 -150.67
-9.58128 -31.7245 -149.723
0.36145 -30.7028 -135.693
3.87505 -34.6151 -127.196
-10.578 2.66392 -153.81
-31.8341 -59.0483 -123.67
-38.9111 1.43042 -137.488
4.02456 -14.3434 -141.612
-5.38241 -15.8261 -142.11
-9.13273 -16.7855 -163.565
-22.4645 -50.2892 -145.761
-1.48256 -33.1449 -119.77
-7.23888 -6.25713 -130.784
-13.3441 4.50793 -126.436
-21.8539 -48.4203 -138.833
-32.918 -36.484 -142.21
-30.1396 -33.8052 -140.864
-28.8687 -3.27929 -149.362
-15.6615 -21.9811 -130.697
-8.3727 -18.455 -137.774
-14.3408 -30.6031 -132.641
-35.5968 -50.0525 -136.428
-25.7164 -19.0905 -128.866
-31.0117 -66.063 -131.096
-31.5101 -56.7931 -154.32
-4.19875 -7.83949 -134.398
-19.2374 -56.5688 -146.209
-13.4188 -7.86441 -149.723
-19.0755 -52.3824 -139.332
4.92165 -33.9796 -120.916
-33.6532 8.28318 -146.309
-17.3062 -59.8083 -148.315
-9.56882 -45.0562 -130.635
-28.3205 -17.6452 -127.993
-25.542 -43.0128 -146.795
-18.0039 -23.9248 -162.008
-22.8258 -66.225 -145.823
-20.907 -19.7508 -123.62
-48.6171 -67.7077 -128.13
-5.24535 -9.18512 -158.469
1.35822 29.5392 -133.177
-28.4575 -12.9977 -145.2
-14.5526 -5.03609 -143.219
-31.4104 -62.537 -149.71
-21.8913 7.92185 -128.367
0.486046 -42.963 -140.478
-16.6583 -27.6751 -149.374
-24.9065 -50.7378 -154.756
-14.4405 -32.7212 -157.261
11.3757 15.3104 -143.655
-21.8664 -23.7254 -149.673
-33.6532 -46.5763 -150.109
-29.9776 -56.681 -124.667
-30.6504 -22.1804 -143.518
-34.4506 5.23059 -137.674
-24.6947 -37.0821 -151.118
0.386369 -27.7499 -135.818
0.984428 -41.8167 -124.031
-40.6305 5.91586 -136.329
-8.14843 -36.1102 -122.038
-9.21995 -26.7406 -155.99
-25.7912 -32.2229 -140.341
4.97149 -22.1057 -127.358
-28.4575 -16.8851 -136.877
-5.99293 -21.7194 -120.131
-11.1138 -7.4657 -132.491
-21.6671 -10.4311 -136.478
5.59447 16.4317 -150.545
-7.03953 -13.085 -153.149
3.52618 6.78803 -159.715
-28.1336 -6.5437 -138.534
-27.3237 -22.8283 -130.71
0.92213 17.2914 -139.942
-37.1543 3.41149 -131.158
2.29268 -46.5887 -144.44
-32.0085 -37.9044 -138.696
-7.10183 23.596 -141.051
-38.0265 -65.1908 -122.237
1.61987 -19.2151 -122.573
-29.6412 -30.7028 -147.069
-3.2892 34.2489 -145.026
-24.7944 -52.5444 -149.71
-3.20198 -28.3978 -149.461
-12.7709 -48.8439 -147.742
-29.9527 4.78204 -131.071
-29.3421 -28.4476 -153.062
0.162097 -38.8638 -136.703
11.4131 -25.4822 -127.246
-14.3782 -20.2866 -127.532
-12.0857 -26.94 -148.415
-35.9208 -19.9502 -147.505
-30.0523 -25.8311 -130.111
-19.985 -25.0835 -144.39
-18.0787 -9.55891 -145.325
-12.6588 -50.7627 -144.365
6.89026 -29.8306 -124.467
10.3291 14.6251 -142.384
-10.2666 -14.8418 -123.196
-6.47885 -41.3059 -147.829
-45.0412 -66.985 -147.754
-0.373664 -5.06101 -155.99
1.50773 1.67961 -149.698
-5.046 -27.8122 -149.15
-20.9569 -16.7855 -128.791
-30.0897 5.25551 -137.151
-6.85264 -22.9405 -147.356
4.21145 -41.7295 -122.524
0.299152 1.33075 -153.523
-30.1146 -62.7239 -151.118
-1.73176 -0.887055 -143.356
8.73428 25.3029 -139.344
-0.510719 -4.52525 -153.673
-8.28548 -4.68722 -139.219
-28.2955 -51.6224 -143.767
-16.9324 -25.9059 -122.835
-42.6365 5.567 -131.121
8.37295 -20.2991 -126.66
-39.0606 10.8997 -142.085
-13.1073 15.1609 -139.842
-34.7994 -28.0863 -150.034
-14.9513 -32.2104 -124.343
-41.2535 3.47379 -147.804
-14.2661 -22.8408 -152.85
-17.9416 -9.77072 -123.608
11.9488 -25.3078 -134.784
14.366 -37.9169 -124.53
15.0264 -41.2311 -127.333
-1.35797 -8.74904 -127.258
1.96873 6.58868 -148.228
-17.356 -35.4623 -154.196
-13.6431 -55.0363 -150.284
-15.9232 -24.6474 -142.322
-4.49778 -33.6308 -121.078
-11.9984 -10.9419 -147.804
-24.5203 -42.0908 -126.66
6.8778 19.285 -132.005
-4.12399 17.3288 -132.03
-27.2489 -46.1526 -144.428
-25.1433 -58.662 -139.643
-13.5185 -25.9931 -121.664
-28.9684 -27.7499 -135.257
-27.3486 -39.275 -124.48
-24.4455 11.9712 -132.23
-23.2868 -14.4929 -153.585
-15.7363 -42.041 -126.536
-2.75344 21.0044 -141.911
-7.41332 -39.3871 -136.042
-4.94632 -45.0687 -130.685
10.1297 11.9837 -148.813
-4.41056 -13.9198 -144.016
6.95256 25.2282 -134.983
-16.1848 -56.2075 -154.071
-20.0598 -31.8615 -155.803
-33.4912 -39.8232 -142.409
2.47958 3.79774 -155.978
2.69139 13.4539 -146.882
12.0734 -45.0064 -125.962
-22.9005 -40.197 -143.867
-28.8313 -51.8342 -122.76
-31.7967 -30.8025 -129.775
-21.2434 -28.7965 -133.525
-22.6015 10.2144 -142.87
-18.5522 10.2643 -135.32
-33.3915 -50.2269 -145.798
-10.8397 -9.88286 -132.491
-31.074 -29.9054 -162.768
1.34576 25.4898 -144.589
4.17408 18.1387 -141.948
-20.4585 -43.6233 -151.106
-10.6653 -48.956 -130.261
-19.9975 0.0598715 -131.445
-62.8708 13.1424 -132.653
6.54139 31.7819 -141.985
5.51971 4.70729 -138.696
-0.672693 2.95049 -154.32
-12.9454 2.98787 -136.989
-14.6523 -8.66182 -146.334
-12.3971 -44.6949 -133.675
-20.8447 -13.3217 -145.898
-3.06493 -29.0332 -138.771
-38.8862 12.507 -155.467
-11.2758 3.2246 -138.758
-33.1921 -42.1905 -150.047
4.17408 -23.0402 -127.483
9.71858 -36.4466 -122.125
-4.80927 -51.9588 -140.59
-4.42302 -28.5348 -126.71
-37.3536 11.0866 -134.547
-3.65053 -38.5648 -118.836
-32.1954 -49.6039 -146.62
-8.64681 -7.17913 -149.685
-7.93662 7.04968 -141.151
-26.3394 -8.02638 -131.058
-0.722532 21.7893 -144.602
-23.1373 -5.39742 -131.681
-1.7193 -23.0152 -127.968
-10.6653 -4.7869 -136.603
3.41404 11.9588 -152.501
-32.2577 6.50146 -139.842
-11.6994 -40.0973 -138.733
1.8566 16.9924 -144.565
-26.4266 -48.8813 -153.199
4.47311 -16.935 -131.607
-11.9112 -30.8025 -131.121
-26.7007 -36.2971 -122.586
-13.992 -15.8634 -144.976
-22.1156 -7.36603 -150.844
-20.0971 -18.9534 -134.983
-8.04875 -54.6127 -143.692
-5.40733 -17.5081 -146.608
-7.99891 5.97816 -138.983
-25.2803 -36.7457 -139.905
-38.8986 -8.56214 -142.646
-27.3486 -49.3797 -123.134
-12.3348 -32.9829 -125.738
-32.943 -10.6055 -137.189
5.44495 -37.5555 -141.898
-35.3227 7.24904 -159.603
-6.86509 -36.5588 -127.919
-40.8299 -1.14871 -149.362
-31.6222 -48.5324 -134.198
-3.07739 6.16506 -128.566
-9.85539 20.369 -131.083
6.10531 11.3981 -148.178
-10.5033 -45.4549 -128.953
-12.7335 -11.5151 -136.217
-7.62513 4.3958 -137.126
-3.66299 -28.0614 -137.126
-3.01509 -15.1159 -135.731
-14.5277 -16.8851 -137.288
-17.219 -4.33835 -149.523
2.15563 -35.3004 -126.972
-31.8839 -55.8711 -135.145
-12.584 -24.8219 -116.169
-34.2761 -22.9529 -154.482
-23.9596 -1.43528 -133.775
-14.428 -55.5471 -125.9
-18.2158 -51.2611 -127.869
-9.04552 -33.1324 -125.153
0.710318 -48.358 -128.442
-22.6389 -47.3488 -150.782
2.55433 -32.4097 -122.362
-17.2937 -0.712621 -125.913
-7.66251 24.5554 -134.971
-10.6777 -27.0521 -142.534
0.735237 -31.8615 -140.578
-26.1525 -20.4486 -156.725
-31.0242 -27.3761 -156.7
-11.9735 -2.88058 -139.132
-23.0625 -52.208 -137.849
-9.76817 -21.3581 -156.239
-33.0925 -19.1901 -144.49
-23.1871 -49.8033 -136.516
-1.66946 -7.30373 -123.122
0.137178 -34.3784 -137.002
-12.5342 -44.3958 -136.566
-18.0039 -29.544 -144.49
-19.4368 -9.55891 -149.162
-37.0795 -1.46019 -148.464
-8.16089 -31.4005 -146.346
5.04625 2.41473 -142.584
-47.0846 -19.0033 -163.503
-23.2743 -63.8951 -146.359
-12.4096 -40.0848 -123.782
-7.25134 -29.706 -121.004
-46.5986 -16.9973 -120.281
-22.0533 -33.0701 -156.488
-9.78063 10.8125 -135.095
-19.5988 -3.87735 -144.091
-2.06816 -2.60647 -141.076
-28.9933 -45.8162 -146.571
-26.3394 -26.0304 -158.806
-20.0847 -9.6835 -134.061
2.66647 -29.0706 -133.139
-8.99568 -23.6008 -133.55
-19.3496 -55.6219 -137.65
-23.9721 -26.9525 -141.4
-32.6813 -44.6077 -135.008
-5.19551 -38.7267 -118.2
8.74673 -36.646 -134.572
7.87457 -21.8565 -125.551
-3.8125 -26.5288 -141.225
-5.90571 -1.28576 -146.733
-22.4271 -47.1245 -136.752
-4.43548 20.8549 -144.266
-23.5858 -22.5169 -138.783
-18.303 -23.6382 -130.585
-23.0127 4.24628 -145.088
-6.7405 -45.9907 -130.386
-8.02383 14.3385 -129.95
-8.54714 -51.7719 -140.054
-46.9973 -65.6892 -151.903
-34.6873 -8.54968 -140.827
-14.9887 -11.079 -133.239
-41.2784 7.82218 -129.663
-33.4289 -36.1102 -148.851
-9.71833 -10.1943 -146.184
-10.5531 -26.7157 -152.589
-0.535638 7.69758 -149.287
2.92812 28.9536 -147.069
4.09932 9.23011 -138.223
-8.34778 -24.1491 -134.734
-9.45668 -6.58107 -139.444
-33.1921 -61.3658 -151.978
-17.2065 -53.4041 -139.631
-11.4378 -28.9086 -153.274
-12.9578 -7.29127 -146.745
-18.9758 -50.7004 -147.742
5.60693 -8.1136 -126.735
-39.0108 6.91263 -147.58
-11.824 -1.55987 -151.442
-28.6319 6.5513 -137.014
-28.3952 -47.7973 -137.375
4.69738 -14.2063 -129.738
0.872292 -42.4023 -139.033
6.34204 18.8738 -136.503
-9.04552 3.18722 -150.832
-4.08661 19.0109 -139.68
-12.9454 -29.2824 -151.853
-5.1083 -43.4738 -144.963
-31.8216 -49.5043 -141.686
-27.6726 -22.3175 -145.86
-3.30166 -40.5832 -139.232
3.80029 -9.39694 -130.286
-30.2019 -39.2002 -140.004
-13.7677 -0.114562 -137.587
-31.6596 2.42719 -141.263
-29.9402 -37.4683 -134.834
-18.5522 -59.0234 -132.142
-28.2831 -60.2942 -137.288
9.70612 2.45211 -140.777
-31.5226 -14.0817 -151.492
6.34204 22.5618 -139.07
-8.27303 -29.4444 -123.919
-30.7127 -2.13301 -130.012
5.95579 0.682849 -151.567
0.66048 -22.2427 -136.254
-23.6855 -28.6594 -144.889
-10.142 -4.93641 -128.604
-32.482 -2.19531 -148.788
-21.6546 -63.6085 -132.242
-41.1912 1.04418 -150.433
-29.4792 -53.591 -146.359
-32.3698 -53.3293 -127.096
6.34204 24.219 -128.978
-2.42949 -1.49757 -150.383
-4.21121 -39.0631 -126.536
2.67893 -28.3604 -125.177
4.62262 -31.6871 -123.558
-0.75991 -8.08868 -154.931
10.0674 -16.9101 -131.794
-17.8295 -37.9418 -130.099
4.23637 3.33674 -159.254
-0.273987 -37.6677 -123.471
-23.2993 -63.9574 -134.41
9.27004 3.03771 -137.276
-34.2512 -50.2394 -147.742
-3.12723 -13.0351 -125.863
-8.42254 -10.7924 -149.025
9.00839 -33.4688 -123.122
-23.9596 10.2393 -136.366
0.797535 21.2411 -148.577
-8.12351 -44.2588 -133.563
2.57925 -36.2847 -131.968
-15.0884 -12.0882 -125.589
-31.7344 -29.3572 -137.375
-1.69438 17.5905 -147.468
-6.0926 -26.3793 -149.86
1.9189 -1.54741 -133.463
-31.3481 -61.0667 -148.153
6.2922 -2.45696 -130.884
-22.5766 -13.0227 -147.443
-33.8027 -29.4817 -146.857
-34.6873 -26.8902 -143.829
2.19301 -30.4536 -137.824
-31.1363 -27.9492 -146.558
-25.3925 -57.4285 -132.74
5.66922 -32.3225 -122.187
11.2386 -45.5546 -123.732
-9.28225 -54.8993 -135.569
-9.85539 -53.2172 -146.384
6.24236 -24.934 -122.985
-20.5706 -3.678 -125.352
-20.745 -16.5986 -156.289
-25.7289 -32.9953 -150.346
-6.29196 -31.55 -123.371
6.26728 31.1839 -137.625
-13.967 -32.9704 -139.693
-35.1732 -4.52525 -129.09
-18.2282 -52.7313 -149.449
-63.419 12.9555 -154.756
-1.80651 -34.1541 -141.524
7.38864 -28.0489 -127.059
-10.7774 7.6602 -150.458
-18.8637 -29.9178 -134.061
-3.68791 -24.2363 -146.633
3.78783 -33.8924 -138.559
-22.5392 -29.7309 -153.386
5.10854 -12.6364 -127.682
-16.3717 -50.1148 -122.486
2.18055 -35.4748 -135.158
-5.27027 -21.6322 -131.233
1.86906 -48.8688 -143.767
13.0079 -38.6769 -124.28
6.71583 0.234305 -134.011
-38.5124 -7.76473 -136.491
2.05595 26.8978 -133.264
-3.53839 7.27396 -148.103
-56.641 -8.43755 -159.828
-32.4944 -20.6479 -143.057
-15.5245 -6.5437 -131.32
-11.363 -12.7984 -155.305
-30.6379 8.40778 -130.984
-16.6832 -24.3733 -153.012
-26.8627 -34.964 -142.085
5.59447 -4.06424 -127.732
-13.2693 -4.17638 -145.524
-14.2287 2.72622 -135.519
-11.8738 -18.0065 -141.039
7.83719 26.686 -137.575
-23.4737 -55.1983 -142.546
-16.8078 -56.7931 -148.066
-37.1543 6.56376 -141.425
4.0121 27.0971 -139.581
-26.0528 -17.3835 -138.135
-33.1921 13.6283 -135.606
-30.6753 -28.3728 -158.744
-26.5263 -49.8656 -150.62
10.0674 -42.2279 -128.691
-15.4996 -27.3013 -118.487
-34.4132 -6.63091 -139.743
1.59495 -30.5159 -143.692
5.37019 4.89418 -133.513
-39.3845 12.1706 -147.019
-16.8452 5.39256 -136.64
-17.1442 -33.4314 -158.195
-1.30813 -9.19758 -128.492
-18.9259 -5.85842 -138.945
-6.36671 -40.0101 -146.11
-29.9402 -28.4102 -156.738
1.00935 5.61684 -142.073
-15.1009 -34.6275 -152.252
-35.7962 -18.941 -141.948
-17.2688 -59.148 -142.06
-20.0224 -32.5717 -141.736
-26.6509 -6.10761 -133.613
-0.971723 -24.7097 -129.115
-20.3463 -22.5044 -133.538
-3.97448 -0.0771837 -140.303
-14.4156 -38.9136 -132.89
-31.7967 -11.6895 -134.011
-13.0824 -37.2565 -119.608
-0.286447 -9.25988 -147.717
-35.7214 -0.039805 -135.17
-10.5157 1.4678 -150.022
-29.9028 -61.1415 -140.416
-63.2321 -5.8958 -122.835
-9.43176 -33.7055 -136.242
-16.0478 -54.4881 -141.412
-10.1793 -11.7269 -148.19
-29.5913 -49.3298 -157.361
7.45094 9.59144 -149.984
-17.6302 -35.1384 -141.126
-24.134 -10.5557 -125.701
-40.1321 6.96247 -160.077
-8.19827 5.47978 -134.036
4.63508 22.4123 -134.51
-9.44422 -20.1371 -127.794
-6.86509 -40.2219 -138.061
-25.7538 -25.3576 -140.715
6.9401 -16.9848 -135.357
-33.4289 -10.7176 -149.847
-2.08062 -3.01764 -131.033
-21.7916 -15.8136 -123.159
-3.65053 -13.4463 -147.243
-16.5088 -60.4313 -141.275
-20.8447 -62.6989 -126.984
-12.7834 -29.9303 -132.205
-22.5018 -38.353 -150.52
-4.24859 -24.5976 -118.636
-0.610395 14.949 -131.644
-11.2384 -12.001 -141.961
-41.6771 2.38981 -134.373
-25.6167 -61.2661 -136.553
-23.9472 -50.4512 -128.604
-16.459 -20.4361 -152.152
7.0024 -12.3374 -127.595
-1.18354 -6.10761 -149.935
-17.356 -2.60647 -145.449
-19.6237 -11.1787 -147.231
1.15886 -29.1453 -130.211
-18.3777 -53.9523 -125.938
-39.5341 -2.9678 -149.062
-4.73451 -5.2479 -128.579
-16.2098 9.4793 -142.77
-10.8023 -4.23868 -139.593
-3.83742 -42.9755 -130.386
-19.0007 -63.0478 -149.013
-15.5619 -29.7683 -135.145
-31.4976 -61.0543 -138.771
-13.3067 -25.5694 -152.613
6.82796 2.92557 -141.151
1.90644 8.94354 -129.812
-20.6703 -31.5376 -126.909
-7.30118 -37.2441 -150.607
5.69414 20.2319 -132.616
4.82197 -32.011 -132.329
-9.70587 3.2869 -135.12
-0.298906 -26.7406 -148.9
-29.0431 -17.6825 -126.747
-22.2277 -28.7591 -132.616
-9.24487 -3.80259 -150.221
-33.2918 -18.2183 -155.529
-29.8031 -21.9437 -127.532
-21.7169 -18.3803 -159.678
-3.78758 -50.7128 -133.712
-24.6449 -4.35081 -129.875
-14.9638 -50.1272 -134.859
-30.476 -5.40988 -138.509
1.3333 -6.00793 -142.434
-24.2836 -43.5486 -149.2
3.28945 0.770066 -135.905
-27.1742 -2.78091 -138.733
-0.386123 -48.9187 -132.79
10.1297 -28.6968 -128.18
-14.428 -40.2966 -126.785
-2.66622 -8.59952 -150.67
-31.6472 -62.512 -147.617
9.08314 -35.425 -121.527
-7.7248 -25.258 -147.904
-1.50748 17.5531 -144.104
-3.48855 -3.06748 -138.646
1.24608 -0.102103 -127.308
8.43525 -16.8478 -124.044
-5.49454 -2.00842 -144.727
-50.8598 12.6689 -131.619
-13.5185 -10.7426 -154.096
6.7532 -39.6737 -120.493
-4.08661 -24.311 -139.469
-28.009 -24.5228 -136.728
7.32634 -21.5201 -128.566
-19.6735 -27.0148 -154.096
-8.5596 -18.3803 -155.118
-12.7211 -29.0457 -151.455
-11.7991 -7.76473 -145.96
-25.6541 -26.8777 -142.309
-14.5402 1.5301 -139.88
-16.758 -17.1094 -127.532
-16.5462 -11.6397 -124.505
-19.7358 0.271684 -146.708
-36.332 -13.3217 -139.045
-20.6329 -59.0358 -155.18
-25.8784 -36.9201 -148.253
-5.88079 -22.9654 -139.78
6.30466 12.3325 -139.033
-17.5554 -41.3806 -125.763
-16.5088 -35.9483 -126.174
-1.44519 19.0607 -148.24
-12.9454 -20.6728 -118.375
-17.8918 -48.6321 -151.43
-16.7206 -21.4453 -146.832
-1.30813 -19.9003 -141.973
-24.6449 -14.9414 -142.197
-43.5585 -5.13577 -141.437
-28.8811 -49.5167 -146.458
-29.2923 -26.2423 -160.6
-7.58775 16.6186 -143.53
-12.6463 -34.2039 -133.8
-20.6329 -42.8135 -156.177
-23.8599 9.50422 -128.492
-2.96525 -2.35728 -127.52
-31.9462 -1.82152 -148.103
0.909671 17.4036 -130.273
-18.7764 -16.5487 -148.452
-26.2023 -13.6456 -135.457
-28.5074 -63.0976 -139.593
-30.6255 -26.155 -155.828
-18.901 -27.6377 -137.575
-15.3376 -4.71214 -141.524
-25.7289 -40.6829 -151.467
-22.9379 -53.4913 -153.486
-12.1853 -23.7753 -149.823
9.08314 -31.4753 -130.572
-27.1243 -29.3945 -159.952
3.15239 0.595633 -149.536
-29.9651 -51.8093 -138.397
-4.47286 -41.1314 -138.36
-32.1829 -31.6123 -151.455
2.06841 -32.0609 -119.807
-19.3247 -6.89256 -150.844
1.49527 17.7649 -142.758
-24.0219 -36.9326 -132.79
-40.0449 4.47056 -141.848
-26.1027 2.22784 -133.675
-5.5693 -10.5557 -128.392
-26.5014 -60.83 -143.979
10.0176 -34.8643 -120.181
-21.8041 -65.0413 -151.48
-6.25458 -37.867 -128.766
3.89997 20.1821 -148.464
-20.6329 -16.4989 -143.157
-0.872046 -28.622 -151.006
-0.535638 12.4696 -140.627
0.398829 19.123 -138.285
-0.585476 -15.0162 -149.399
-12.5965 -12.1754 -147.655
6.34204 -42.7886 -126.685
1.83168 -24.7471 -134.161
-9.80555 -17.8196 -122.586
-4.56008 -19.1279 -140.739
1.271 4.04693 -144.664
-50.5608 -10.6304 -161.111
1.45789 12.7312 -146.147
-9.23241 -15.7264 -121.913
-18.6643 -22.5044 -152.152
-15.9606 -6.99224 -130.734
-32.1954 -47.9219 -135.444
-53.713 6.12768 -146.272
-13.5434 -31.2385 -129.713
12.4846 -27.7 -128.18
-33.9397 -67.2716 -137.712
-26.3394 -61.5402 -123.67
0.473586 5.72897 -150.009
-8.17335 8.91862 -138.808
-13.3191 -39.9727 -118.985
-28.4949 -4.35081 -128.193
-9.21995 -5.78366 -130.822
1.68216 -4.30097 -134.896
-20.5955 -22.4546 -143.219
-20.3463 -59.148 -149.125
-0.0497152 6.16506 -140.889
8.85887 26.7981 -132.952
-12.5591 14.6376 -142.384
-26.8004 -47.8471 -129.065
-25.9781 -42.8633 -135.12
-46.8977 -64.4308 -121.813
-1.33305 -44.6077 -128.716
-3.42626 -0.73754 -130.498
-8.435 -11.0167 -135.893
-8.34778 13.0801 -140.528
3.87505 7.43593 -141.487
-28.6693 -20.0997 -147.567
-0.809748 10.8 -130.099
5.00887 12.2079 -154.981
6.69091 -37.867 -121.34
-8.69665 -51.3732 -140.154
-28.146 -50.5882 -129.788
-8.72157 -9.57137 -134.398
5.71906 32.1682 -137.288
-13.5933 9.14289 -141.188
-18.5771 -57.0672 -135.482
-5.30765 11.5476 -134.971
2.87828 -5.49709 -150.445
-23.0002 -1.49757 -144.976
-1.35797 25.8387 -139.431
4.23637 -45.9408 -125.589
-29.6287 -56.5315 -149.773
-7.40086 -43.8601 -143.767
-24.1216 -30.9271 -132.416
-0.0497152 -6.12007 -150.57
2.60417 -2.12055 -148.888
-20.8073 -26.6036 -122.249
-25.8285 8.44516 -129.077
-19.4617 -24.5353 -158.195
-27.6476 -49.7784 -130.186
-3.8748 -30.3539 -126.835
-37.8894 1.18123 -137.338
-12.0358 -50.3017 -133.339
-9.24487 -30.9894 -149.76
3.81275 27.1594 -138.758
-2.13046 -45.9034 -143.904
-21.2933 0.782526 -146.247
-11.7243 -17.6576 -142.646
-35.3103 -9.59629 -150.508
-22.7884 -44.2463 -130.323
-16.434 -21.0591 -126.872
-14.1789 -32.0733 -137.326
-17.3062 -3.70292 -130.971
-42.8981 1.61732 -134.186
4.7223 -5.38496 -142.384
-21.9661 -10.3189 -149.573
-37.5405 -20.3863 -163.192
-8.896 -22.6041 -119.097
-23.7603 -20.2243 -121.352
-7.41332 -54.1018 -143.281
-6.51623 -10.1196 -145.163
-0.460881 -8.28803 -151.156
-7.86186 -24.5727 -133.7
-17.9043 -25.0835 -128.355
4.93411 6.81295 -153.573
-5.99293 -45.4798 -137.699
-27.2489 -19.4144 -135.158
-31.9337 -54.9117 -153.473
-39.1603 0.533335 -133.999
6.57877 -8.02638 -130.772
-6.81526 10.7003 -132.03
9.41955 -33.1324 -141.425
-26.302 -12.0882 -134.373
-26.6509 -18.6419 -132.068
-26.4141 4.04693 -141.948
-34.7745 -15.851 -149.013
-2.62884 -18.6544 -153.934
11.0767 -26.1675 -128.728
11.1763 30.7851 -136.154
-10.8771 -9.12282 -138.21
-3.04001 -49.4793 -131.557
-31.3481 -53.1549 -133.762
-2.66622 14.2762 -152.788
-28.0713 -54.5504 -138.945
-15.5619 -23.1772 -136.777
-42.3748 1.10647 -148.24
-6.77788 -42.4023 -135.021
-45.6268 5.61684 -126.835
-6.90247 -5.78366 -134.946
-22.6264 -50.2145 -144.527
-20.8821 -31.9363 -141.375
-9.55636 -2.55664 -150.483
-3.42626 -37.9542 -133.177
-13.7677 -34.0669 -123.383
-6.66574 -25.0586 -136.478
-13.2818 -36.4093 -128.554
-29.9277 6.77557 -130.797
-32.5941 0.633011 -146.284
-8.45992 -6.91748 -148.9
-29.2923 -15.3775 -149.748
2.76615 -24.0494 -130.124
-4.94632 -11.9885 -153.074
-15.1133 -52.806 -147.106
-35.4349 4.22136 -151.293
13.9922 -36.646 -120.929
-14.2785 -3.26683 -123.296
-24.2337 -66.1876 -137.986
-15.1009 -13.3092 -140.565
-12.4221 -56.0704 -136.428
-29.6536 -59.6463 -139.668
3.77537 6.30211 -151.442
1.96873 -44.0719 -127.819
-18.141 -11.6521 -129.264
-4.95878 -22.9031 -132.479
-2.84066 -46.3146 -140.789
0.996888 -23.1772 -140.204
-15.2255 -34.8269 -139.282
7.76243 7.71004 -139.992
-15.3251 -42.2403 -137.288
-7.12675 0.446118 -131.033
-11.3505 -45.9034 -136.516
-11.7368 -42.5269 -124.131
6.37942 28.0067 -145.761
-0.859587 -34.6649 -126.486
0.0125826 -10.3812 -126.909
-9.78063 -51.2361 -129.675
-28.009 -5.59677 -149.262
1.07165 -37.1444 -136.167
-25.4174 8.33302 -134.011
-9.83047 -37.1942 -136.379
-1.25829 -31.575 -124.106
-13.207 -38.7143 -152.289
5.17084 -36.6709 -142.758
1.86906 -3.69046 -141.014
-1.37043 -8.88609 -134.622
-29.7907 -63.3842 -127.831
-10.6154 6.12768 -131.557
4.63508 -1.06149 -131.27
-13.2693 -18.1186 -145.3
4.29867 -5.72136 -128.94
-26.2023 -50.8499 -140.079
-34.002 -50.1023 -151.305
-21.0441 -47.4484 -140.054
-9.74325 -41.0567 -131.445
-27.1617 -5.64661 -138.509
-3.43872 -10.8547 -127.632
7.08961 -27.2266 -129.775
7.05223 9.77833 -132.815
-28.6818 -44.7945 -134.136
-21.4054 -40.2717 -120.156
-27.4607 -11.5898 -141.549
-31.5101 -49.2924 -154.993
4.83443 13.6283 -151.542
-7.2638 -9.9327 -151.891
-43.4464 7.80972 -147.679
-44.2189 -1.17363 -145.399
-28.7441 -42.178 -122.349
-40.2193 6.77557 -148.664
-3.88726 -14.2063 -140.59
-15.8734 -39.1877 -151.318
-32.2826 -2.66877 -147.767
-7.7871 -27.0895 -122.91
-5.76865 -38.6769 -141.35
-8.3104 -49.579 -148.527
-4.51024 -37.3064 -118.1
-10.117 -7.82703 -138.534
-47.2092 -66.8106 -127.146
7.93686 -14.468 -125.053
-12.2476 -7.42832 -133.264
-31.6472 -44.2463 -127.221
-12.9827 -33.5062 -149.897
-9.03306 -53.6159 -132.79
-11.525 -47.9094 -145.163
-36.0205 -8.64936 -147.53
-26.8627 4.2712 -127.096
-29.3421 -48.495 -153.947
-13.0575 -18.318 -151.38
-14.2162 -47.8098 -147.58
-10.578 -33.1822 -136.279
-12.5342 -17.2465 -121.265
-15.1009 11.0866 -143.481
-3.40134 23.0851 -146.421
-21.0192 -27.1892 -151.218
-2.7036 -30.4287 -131.607
6.14269 -6.66829 -129.202
-29.6163 -3.06748 -128.479
4.29867 12.3575 -155.816
-18.9509 -38.1287 -131.918
-1.60716 -0.151941 -141.736
-26.1151 -33.1822 -143.157
-19.5738 -24.174 -121.39
-17.817 -57.2043 -127.844
-12.4968 -11.3655 -157.311
-4.80927 -45.9657 -138.272
-28.9185 -29.5067 -144.452
13.3568 -27.6377 -134.049
-28.4077 -48.3455 -142.895
-27.4483 -18.5921 -135.581
0.785075 7.79726 -156.949
-30.0648 -19.9253 -157.66
-9.80555 14.4507 -141.574
-32.9305 -23.4389 -147.156
-40.157 4.15907 -135.382
-5.54438 -47.8721 -145.898
-35.1608 8.45762 -145.374
-38.3006 1.4055 -138.223
-1.61962 17.8521 -137.301
-8.58451 -9.21004 -150.944
-26.0528 4.50793 -146.222
-21.3431 -1.11133 -143.431
6.64107 -39.1628 -132.616
-19.7483 -54.7248 -147.916
6.57877 19.1604 -132.379
0.398829 8.03399 -156.987
-9.0829 -33.1324 -118.125
4.06194 -2.76845 -143.78
-7.46315 -32.3724 -150.109
-5.15814 4.12169 -146.633
-59.2451 13.1175 -154.669
-14.6523 -44.5703 -125.539
-16.1101 4.00955 -126.573
-6.24212 7.71004 -159.603
-15.2878 -40.1098 -143.481
-4.68467 -22.928 -136.827
-26.3518 3.90988 -143.02
-23.4488 -1.69693 -131.009
-7.99891 -35.5371 -141.188
-16.92 -47.2117 -148.614
-8.48484 -23.5136 -159.778
-11.525 -18.1435 -138.098
-12.1604 -43.1748 -120.891
-28.9559 -54.1891 -156.202
-9.91769 21.6149 -139.419
-5.91817 -9.88286 -143.094
-1.83143 -28.323 -122.673
6.77812 11.7469 -138.584
-6.41655 -50.501 -141.774
-8.67173 1.57994 -131.906
-40.0947 -3.0924 -135.394
-33.3417 4.08431 -139.506
-25.0934 -9.64613 -153.897
-6.45393 -12.8482 -143.368
-14.9264 -27.8869 -155.367
-33.5784 13.0303 -134.074
8.62214 3.49871 -155.392
-9.4193 8.34548 -130.747
-15.3127 -37.5057 -145.35
-9.59374 -20.2368 -128.517
-0.0497152 -39.0258 -126.374
3.76291 -46.2149 -141.238
11.7993 -31.413 -136.416
0.261774 -29.6811 -134.335
-7.87432 -33.3068 -122.897
-38.6121 -66.7608 -146.583
-12.8208 13.8651 -141.711
-9.68096 -45.5546 -121.253
-0.336285 18.6122 -152.19
-30.6878 -30.4287 -153.71
4.80951 -28.1735 -132.142
-29.093 8.94354 -136.017
9.17036 6.18998 -144.951
-5.71882 -44.346 -130.572
-24.3459 -59.3847 -150.358
2.62909 26.4991 -128.006
-14.9638 -5.01117 -141.886
-11.7991 -13.6332 -149.997
-29.3172 -43.4863 -148.813
-29.2051 -29.9178 -152.327
0.909671 22.6241 -149.511
0.94705 -40.0475 -128.13
-32.1082 -17.9193 -138.223
-22.0907 6.92509 -139.718
-20.8572 -0.151941 -145.487
3.0278 -13.0974 -123.832
-16.8078 -35.8735 -141.587
6.27974 -3.31667 -134.684
-13.2568 9.29241 -139.73
-4.53516 -16.1625 -144.178
0.94705 -23.2146 -131.058
-8.72157 -24.7222 -119.085
-28.6195 -5.1856 -150.732
-14.291 -6.39418 -141.948
-5.507 -43.6109 -144.428
-20.5332 -33.1449 -144.502
1.52019 -26.0554 -141.873
3.96226 -24.7845 -141.088
-25.5794 -15.1034 -153.411
-15.4996 -20.1495 -152.314
-28.9061 -62.1756 -153.174
-15.7737 1.04418 -149.935
-13.8798 -11.9636 -153.162
0.672939 28.8788 -132.068
-30.8124 -48.8937 -151.181
-4.64729 -4.2636 -126.087
-27.3735 -36.0479 -135.768
-39.4344 1.6547 -140.503
-12.2102 -16.0753 -144.428
-23.673 -32.011 -140.44
-12.3971 -38.9884 -142.883
-31.6222 -20.9968 -136.453
-13.7428 -4.11408 -130.411
-22.9628 -36.2722 -131.569
3.58848 -35.8237 -138.322
-13.9297 -26.7406 -130.46
-8.41008 -22.5916 -122.798
-5.75619 10.3888 -132.977
-12.8332 -26.7282 -116.867
4.17408 -36.3594 -141.138
-32.5567 -3.88981 -143.032
-35.846 6.36441 -144.739
-14.5277 -52.7188 -134.46
-2.56655 2.98787 -129.763
-19.3371 -14.2562 -143.319
-9.26979 -47.3612 -139.269
-34.5752 2.07832 -140.266
-28.4326 -22.2054 -149.162
-31.7219 1.92881 -135.793
-25.6292 0.196927 -128.068
4.70984 -8.6992 -132.516
-33.5659 -52.2952 -134.497
-5.61914 -55.896 -143.767
-5.34503 -34.0918 -140.914
-28.6319 -20.1122 -128.99
-15.3625 13.5287 -137.537
-36.0952 11.1489 -132.965
-20.7575 -59.4096 -145.973
-2.06816 10.5757 -139.219
-24.6449 -20.4236 -128.953
-7.98646 -14.2437 -133.139
-15.6366 -42.4895 -149.623
-19.063 -44.0844 -150.745
3.28945 -27.5505 -124.978
-15.998 2.55178 -131.731
-13.7303 -44.2463 -134.883
-13.83 -31.7369 -120.842
-19.3122 -43.7604 -139.494
-40.5184 6.10276 -147.368
-2.08062 -12.7486 -143.331
-27.2365 -58.687 -137.238
-13.3316 -9.33464 -158.843
-14.7022 -12.2128 -146.882
-26.5014 -23.0651 -157.734
-29.1677 -61.0917 -130.411
-12.7834 -15.8385 -137.438
-13.3814 6.87525 -148.838
-33.9771 -22.7785 -137.849
-14.0667 -1.83398 -139.095
-32.6564 -55.0363 -148.452
-11.4004 -45.7913 -136.877
-30.4137 -40.7452 -131.046
-35.3726 -12.8981 -139.668
-39.7085 13.2919 -134.933
-11.363 -29.2575 -127.134
5.46987 5.31781 -148.34
-31.6845 -37.5306 -128.878
-5.09584 18.1138 -148.427
-6.52869 -28.2607 -132.578
-34.0269 -20.2617 -142.284
-63.7804 3.32428 -124.243
-21.8789 -10.8422 -148.327
-23.4737 -47.6478 -121.689
3.41404 10.1895 -137.762
10.1796 -46.7009 -123.059
-14.1041 12.7437 -138.447
-30.451 -49.0433 -142.26
-8.93338 -36.9949 -136.752
1.22116 -0.73754 -151.704
-24.8941 -27.7623 -155.741
-27.1368 -34.5154 -155.965
-9.12028 -22.0683 -127.757
-25.9407 -47.7475 -137.139
-21.6671 -32.5593 -144.913
-27.0496 -6.97978 -127.171
-5.4447 -23.0402 -133.899
-4.585 -29.7808 -121.502
-13.1946 -45.7415 -136.154
1.80676 8.8937 -151.081
-17.0446 -17.8321 -125.925
4.39835 29.8631 -145.624
-32.32 -60.5061 -147.754
-11.9984 -40.9072 -151.529
-26.0404 -18.0439 -120.057
-9.28225 8.12121 -127.732
-19.2499 -29.4194 -138.397
-12.584 -15.5893 -129.638
7.01486 26.3495 -131.407
-22.9878 -40.9819 -151.916
-5.07092 -19.6636 -144.901
-22.3772 -24.8966 -151.517
-9.84293 11.3482 -127.968
-14.4405 -10.2566 -160.637
-4.28597 -37.867 -132.429
-29.2175 -23.8251 -141.4
-15.7612 -16.0753 -148.19
-7.82448 -12.9728 -156.289
-37.2041 -16.9848 -141.462
-35.709 11.5974 -141.3
-6.96477 -48.4826 -146.782
-30.0897 -22.6664 -137.799
-18.4774 -24.4481 -161.024
-8.14843 -21.2834 -126.623
-20.6703 -37.0821 -143.593
-6.93985 -48.0465 -129.837
-6.31687 -34.8144 -145.075
11.0144 -26.8652 -137.849
-14.2785 1.55502 -143.593
-3.17706 -13.7702 -131.856
-31.5849 -48.4701 -155.691
-29.7159 -23.4887 -127.383
-1.44519 -39.2376 -140.216
-13.7054 -1.53495 -129.675
-24.9688 -49.9653 -155.703
13.5063 -36.8578 -129.576
-24.1839 -56.0206 -142.496
-1.75668 -14.8542 -147.966
2.91566 -22.1181 -141.437
-15.3127 -13.2345 -142.945
-11.1761 -16.3618 -158.382
-3.72529 17.4285 -148.116
6.39188 26.686 -137.712
-22.0907 -42.963 -148.95
-32.3324 -40.197 -142.945
-25.38 -1.57233 -145.973
-42.7113 -0.575566 -145.05
-2.3049 18.961 -131.158
-21.6546 -34.8767 -124.492
-18.9758 -38.4526 -157.273
-51.3956 -25.9806 -161.31
4.29867 -4.30097 -135.531
-17.9167 -38.2159 -145.561
-27.1368 -56.9302 -140.715
11.0642 -18.9534 -126.561
-18.0662 -12.8482 -136.478
-38.2133 8.53237 -145.001
-0.523179 -13.3715 -132.068
1.98119 -31.6746 -138.123
-35.5221 6.01554 -130.697
-11.7492 -54.351 -140.391
-32.3698 -48.3829 -147.542
-36.7182 0.358901 -135.619
-26.4889 -27.0646 -125.028
-38.0389 -4.6 -149.087
-30.7002 -36.2722 -158.133
-18.2656 -29.2326 -147.854
-37.4284 -15.4149 -137.998
-11.8988 -19.1652 -160.264
-25.1557 -47.0497 -144.452
-0.635315 7.95923 -143.879
-12.609 -53.5287 -137.189
-25.9656 -1.47265 -146.944
7.03977 19.9453 -135.855
-11.7119 -33.2321 -151.118
-1.88127 -36.8827 -136.242
0.585722 19.9204 -138.434
-12.0234 -26.2921 -147.405
-10.1046 -22.168 -151.828
-16.2347 -42.8758 -154.869
-4.67221 -36.3096 -127.271
-33.2046 -18.7167 -150.234
-17.2065 -17.4458 -157.971
-30.0523 -34.5902 -131.333
-6.25458 -25.395 -135.232
-28.5074 -37.3188 -154.32
4.5354 -23.5261 -135.83
-3.52593 -46.2025 -140.004
-2.69114 -47.1992 -143.493
4.61016 -37.5929 -123.471
-25.8535 -15.7638 -126.012
-16.5711 -42.9007 -144.739
-19.3745 0.907122 -133.264
-11.039 -28.7466 -139.444
-34.1142 -12.1505 -144.901
2.45466 17.3662 -132.504
10.5035 -42.203 -129.576
-19.3122 -4.53771 -139.07
-8.75895 -25.2455 -158.008
-18.5023 -13.0476 -138.534
-34.301 4.68237 -139.344
-13.668 16.9177 -135.606
-12.0358 -21.8939 -160.027
-29.0805 -38.2533 -144.502
-4.60991 7.23658 -140.117
-29.1179 -9.62121 -149.436
-25.7662 -36.2847 -139.02
-23.212 1.51764 -128.928
-17.4433 -3.05502 -141.375
-16.6459 -48.3206 -155.566
-22.6514 -67.3339 -132.628
-7.42578 -6.13253 -153.785
-69.0632 3.01279 -147.156
-30.2143 -62.4248 -149.212
-2.81574 10.663 -128.579
-34.2512 -54.2514 -155.23
-32.5816 7.99661 -143.518
-4.3981 9.55406 -147.044
-32.5816 16.1701 -153.922
0.0997995 7.83464 -146.745
-5.07092 -11.378 -148.327
-16.9324 -54.7622 -149.224
-7.79956 -10.3688 -151.318
-26.165 -18.0439 -129.725
-26.601 -60.668 -133.089
3.25207 -16.2746 -123.545
-29.1552 -24.635 -151.43
-22.9628 10.5384 -137.6
-4.82173 -28.5597 -142.858
-3.68791 -35.425 -134.871
-8.47238 2.72622 -144.677
-25.5918 -16.8602 -127.134
5.93087 -17.1343 -132.23
2.09333 -22.4047 -120.742
-27.2863 -48.1088 -148.29
-18.5397 -24.1366 -155.155
-32.1331 8.75664 -144.091
-38.8986 -1.08641 -134.011
2.26776 -37.3313 -141.45
-29.9402 -20.3364 -132.529
-7.89924 -19.838 -137.45
-22.6763 -38.49 -158.295
-9.28225 -13.8201 -161.946
-12.1106 -21.2211 -148.838
-5.6316 -43.7978 -147.331
-2.85312 -51.585 -131.831
-5.53192 -5.70891 -153.423
-33.9148 0.122169 -131.22
3.77537 -35.2007 -145.374
-30.451 -12.0633 -125.539
0.0748804 -18.1435 -124.866
10.0176 21.4031 -143.219
-14.2162 -31.7743 -140.229
-29.1303 11.8715 -131.42
-30.4137 -18.7665 -156.115
-28.0463 -32.1979 -150.47
-40.2193 8.3704 -134.597
-25.5544 -30.5034 -137.326
-10.8148 -46.3395 -140.079
4.70984 29.1031 -142.658
-14.8018 -2.12055 -129.389
-0.523179 13.7903 -147.306
-2.44195 20.0948 -144.241
-0.361204 -14.6673 -132.117
1.94381 14.1392 -152.775
-34.8742 -27.8745 -149.698
-13.0949 -13.2096 -126.573
-20.0971 -22.9903 -157.049
-35.3726 6.47655 -132.192
-17.6551 -21.9562 -153.498
6.7532 1.79175 -151.318
-28.1709 -39.1753 -147.692
-27.2863 -14.5926 -144.776
-25.7787 -30.0424 -144.951
4.51048 1.95372 -134.074
-15.2379 -2.30745 -142.658
-26.1774 1.54256 -137.612
-20.1594 -29.5814 -161.497
-19.5489 -56.7183 -148.253
-13.6431 -54.8743 -139.506
-28.6942 -66.7857 -125.614
1.04673 -2.12055 -137.226
-15.0012 -4.53771 -138.958
-27.1243 6.21489 -141.985
-21.7916 -29.3322 -122.038
-28.3454 -18.3803 -146.882
-26.3518 -50.9122 -137.6
7.55062 16.9052 -143.02
-52.0185 24.3809 -126.785
1.94381 25.116 -128.317
-30.2392 -54.6874 -129.264
9.64382 16.6062 -139.867
0.760156 9.90292 -141.039
-5.45716 -15.1657 -159.067
-12.3473 7.7225 -132.354
-30.9868 -29.4693 -157.51
-30.476 -42.7013 -148.689
-3.72529 -29.6063 -147.941
-16.6334 -3.91473 -127.607
-41.4155 10.9495 -132.08
-17.7797 -51.6722 -132.367
-31.9088 8.38286 -138.846
-1.14616 12.1456 -130.822
-17.7174 -28.5722 -147.63
-19.3994 -48.819 -122.287
-25.7787 -24.0245 -159.229
0.959509 -2.60647 -142.334
-6.2172 -3.71538 -156.601
-25.9905 -27.1518 -157.037
-35.3726 8.15859 -140.179
-11.6371 -1.17363 -147.605
-26.601 -29.8306 -139.219
-28.2706 -31.9114 -138.173
-7.15166 -22.5418 -149.96
-3.05247 28.7293 -131.881
2.41728 -3.37897 -136.541
4.27375 27.3089 -136.815
-30.6379 -34.9889 -139.481
6.92764 -42.0784 -129.563
-21.4179 -28.5099 -153.324
-25.4548 -39.7235 -155.566
6.44172 18.5623 -147.131
-24.9065 -39.2874 -144.751
-19.1502 -41.8292 -157.385
-31.0989 -43.0876 -156.202
-12.7211 -48.981 -125.614
-23.0002 14.1641 -138.185
-8.78387 -51.4106 -148.128
-25.8036 -33.3816 -157.547
-6.32933 11.9338 -131.158
-8.62189 18.3754 -141.3
7.47586 -35.425 -138.023
-14.2287 -25.7563 -145.935
-11.2758 13.9149 -133.563
-23.7727 -3.6157 -126.822
1.71954 -34.6151 -140.104
-17.8295 0.720228 -146.695
-44.3559 -1.04903 -145.773
-3.53839 -17.857 -123.77
-23.8101 -19.7633 -121.714
-22.0284 -19.6636 -138.111
